TestFarsite/SampleData/Outputs/test_ReactionIntensity.asc
NCOLS 401
NROWS 476
XLLCORNER -5994.000000
YLLCORNER -7142.000000
CELLSIZE 30.000000
NODATA_VALUE -9999.0
[rows 252 to 279 of 476, columns 0 to 61 of 401]
-9999.0 -9999.0 -9999.0 -9999.0 -9999.0 -9999.0 -9999.0 -9999.0 -9999.0 -9999.0 -9999.0 -9999.0 -9999.0 -9999.0 -9999.0 -9999.0 00215.552 00253.086 00712.007 00145.407 00278.553 00669.853 00289.525 00303.525 00929.517 00287.589 00772.570 00300.411 00291.945 00562.337 00289.145 00175.287 00288.557 00852.816 01094.612 00381.238 00586.576 00212.895 00786.006 00703.611 00611.751 00725.716 00151.341 00152.168 00804.466 01145.241 00409.141 00622.690 00545.553 00725.115 00969.744 00722.919 00636.311 00864.571 00636.501 00926.553 00502.029 00173.240 00598.834 00292.626 00791.589 00584.695
-9999.0 -9999.0 -9999.0 -9999.0 -9999.0 -9999.0 -9999.0 -9999.0 -9999.0 -9999.0 -9999.0 -9999.0 -9999.0 -9999.0 -9999.0 -9999.0 -9999.0 00197.795 00928.879 00163.164 00280.335 00288.820 00290.645 00285.942 00288.871 00775.227 00294.922 00297.695 00289.311 00291.820 00566.103 00293.254 00293.732 00689.723 00443.785 00745.291 00602.869 00837.448 00526.616 00574.485 00938.670 00633.502 00820.480 00197.832 00151.715 00151.413 00167.614 00575.684 00606.759 01316.988 00228.657 00640.936 00749.045 00607.453 00728.995 00598.434 00629.763 00392.465 00630.619 00994.553 00240.023 00210.869
-9999.0 -9999.0 -9999.0 -9999.0 -9999.0 -9999.0 -9999.0 -9999.0 -9999.0 -9999.0 -9999.0 -9999.0 -9999.0 -9999.0 -9999.0 -9999.0 -9999.0 00133.815 00228.349 00263.922 00281.460 00852.588 00286.118 00768.924 00286.890 00289.005 00724.939 00287.312 00291.639 00289.237 00290.045 00296.973 00295.988 00374.260 00273.331 00819.934 01050.974 00323.685 00300.976 00683.508 01257.146 00649.170 00337.672 00205.000 00863.633 00164.964 00159.724 00179.779 00587.263 00313.711 00868.398 00553.062 00671.917 00273.626 00763.241 00464.400 00434.911 00617.263 00435.292 00451.764 00480.714 00214.307
-9999.0 -9999.0 -9999.0 -9999.0 -9999.0 -9999.0 -9999.0 -9999.0 -9999.0 -9999.0 -9999.0 -9999.0 -9999.0 -9999.0 -9999.0 -9999.0 -9999.0 -9999.0 00175.248 00249.133 00235.825 00401.861 00686.990 01114.389 00727.519 00336.128 01139.446 00323.862 00295.763 00287.644 00295.114 00283.129 00281.397 00285.697 00773.082 00278.409 00830.386 00487.631 00574.655 01084.013 00936.969 00591.388 00762.501 00568.766 00528.231 00270.723 00568.491 00185.074 00941.318 00606.746 00333.024 00971.432 00616.221 00643.706 00648.928 00209.904 00159.458 00692.783 00520.639 00531.981 00237.135 00386.654
-9999.0 -9999.0 -9999.0 -9999.0 -9999.0 -9999.0 -9999.0 -9999.0 -9999.0 -9999.0 -9999.0 -9999.0 -9999.0 -9999.0 -9999.0 -9999.0 -9999.0 -9999.0 -9999.0 00213.755 00618.265 00813.830 01134.410 00288.270 00291.912 00765.270 01143.740 01141.876 00293.255 00288.395 00299.207 00299.515 00251.048 01054.170 00449.217 00196.456 00281.250 01041.615 00573.670 00913.117 00622.586 00596.440 00726.877 00578.181 00621.764 00580.687 00592.478 00604.257 00167.061 00142.178 00600.642 00188.355 00449.872 00202.272 00648.424 00209.460 00174.885 00192.954 00959.533 00196.191 00427.477 00316.993
-9999.0 -9999.0 -9999.0 -9999.0 -9999.0 -9999.0 -9999.0 -9999.0 -9999.0 -9999.0 -9999.0 -9999.0 -9999.0 -9999.0 -9999.0 -9999.0 -9999.0 -9999.0 -9999.0 -9999.0 00213.575 00254.779 00512.451 00184.231 00290.016 00623.815 01012.917 01136.366 00294.471 00292.278 00290.392 00299.357 00280.071 00281.504 00235.657 00233.974 00727.243 00504.471 00577.817 00572.095 00595.936 00591.898 00579.883 00587.989 00591.236 00594.358 00598.764 00612.009 00612.272 00600.662 00343.603 00166.824 00400.740 01085.596 00573.282 00640.127 00277.180 00964.443 00403.965 00882.583 00267.823 00559.797
-9999.0 -9999.0 -9999.0 -9999.0 -9999.0 -9999.0 -9999.0 -9999.0 -9999.0 -9999.0 -9999.0 -9999.0 -9999.0 -9999.0 -9999.0 -9999.0 -9999.0 -9999.0 -9999.0 -9999.0 -9999.0 00974.355 00183.602 00227.158 00269.083 00290.134 00297.718 00842.697 00289.478 00559.006 01082.842 00290.564 00188.881 00286.770 00280.183 01103.204 00239.864 00280.684 00973.504 00974.684 00388.065 00532.323 00580.408 00600.174 00607.226 00602.062 01162.472 00398.707 00524.638 00303.515 00460.147 00679.434 01083.781 00290.823 00239.145 00338.339 00205.575 00404.923 00187.552 00329.565 00556.354 00338.406
-9999.0 -9999.0 -9999.0 -9999.0 -9999.0 -9999.0 -9999.0 -9999.0 -9999.0 -9999.0 -9999.0 -9999.0 -9999.0 -9999.0 -9999.0 -9999.0 -9999.0 -9999.0 -9999.0 -9999.0 -9999.0 -9999.0 -9999.0 -9999.0 00167.308 00205.107 00601.479 00185.473 01130.661 00287.756 01048.309 00273.829 00638.022 00457.487 00175.369 00634.069 00619.845 00277.794 01008.600 00460.881 00454.884 00596.533 00406.852 00592.488 00561.352 00608.010 00516.797 00620.191 01270.738 00344.476 00471.856 00585.987 00290.466 00620.657 00284.086 01194.948 00634.549 00539.659 00186.995 00170.290 00228.708 00595.815
-9999.0 -9999.0 -9999.0 -9999.0 -9999.0 -9999.0 -9999.0 -9999.0 -9999.0 -9999.0 -9999.0 -9999.0 -9999.0 -9999.0 -9999.0 -9999.0 -9999.0 -9999.0 -9999.0 -9999.0 -9999.0 -9999.0 -9999.0 -9999.0 -9999.0 00229.787 00550.360 00291.100 00371.438 00289.819 01049.460 01052.970 00961.117 00278.292 00654.569 00918.969 00651.925 00289.680 00289.523 00292.464 00584.145 00401.500 00325.210 00595.691 00361.049 00542.643 00336.940 00461.205 01034.664 00897.504 00667.589 00739.689 01220.329 01194.405 01116.462 00442.215 00160.212 00152.556 00561.310 00414.017 00192.035 00595.115
-9999.0 -9999.0 -9999.0 -9999.0 -9999.0 -9999.0 -9999.0 -9999.0 -9999.0 -9999.0 -9999.0 -9999.0 -9999.0 -9999.0 -9999.0 -9999.0 -9999.0 -9999.0 -9999.0 -9999.0 -9999.0 -9999.0 -9999.0 -9999.0 -9999.0 00175.605 00268.028 00221.158 00599.990 00272.732 00996.148 01053.499 00270.892 00929.857 00624.071 00432.455 00357.562 00529.840 00856.994 00497.351 00435.274 01065.664 00606.734 00369.252 01026.671 00350.346 00567.240 01398.906 00824.546 00624.171 00417.961 00635.424 00910.492 00362.831 00585.301 00262.901 00157.321 00852.229 00148.463 00178.786 00448.222 00597.634
-9999.0 -9999.0 -9999.0 -9999.0 -9999.0 -9999.0 -9999.0 -9999.0 -9999.0 -9999.0 -9999.0 -9999.0 -9999.0 -9999.0 -9999.0 -9999.0 -9999.0 -9999.0 -9999.0 -9999.0 -9999.0 -9999.0 00184.443 00808.138 00216.906 00246.290 00269.604 00271.588 01083.335 00288.514 00342.502 00743.314 00275.742 00271.100 00659.533 00275.194 00761.162 00344.074 00805.227 00448.522 01301.948 00609.852 00669.786 00246.255 00283.716 00518.167 00385.350 01351.314 00320.119 00715.588 00490.373 01250.339 00640.337 01040.063 00641.019 00644.090 00535.766 00247.385 00146.291 00625.243 00291.206 00601.498
-9999.0 -9999.0 -9999.0 -9999.0 -9999.0 -9999.0 -9999.0 -9999.0 -9999.0 -9999.0 -9999.0 -9999.0 -9999.0 -9999.0 -9999.0 -9999.0 -9999.0 -9999.0 -9999.0 -9999.0 -9999.0 -9999.0 00559.963 00345.034 00395.170 00437.631 01046.290 00612.912 00214.043 00626.419 00588.514 00838.902 00295.339 00295.760 00289.391 00487.662 00834.445 00403.825 00732.829 00637.891 01136.711 00891.913 00263.838 00267.989 00752.807 00550.414 00223.778 00909.442 00629.737 00640.407 00639.207 00635.146 00633.228 00634.007 00636.590 00578.818 00771.698 00371.651 00203.331 00586.557 00591.002 00599.929
-9999.0 -9999.0 -9999.0 -9999.0 -9999.0 -9999.0 -9999.0 -9999.0 -9999.0 -9999.0 -9999.0 -9999.0 -9999.0 -9999.0 -9999.0 -9999.0 -9999.0 -9999.0 -9999.0 -9999.0 -9999.0 -9999.0 00769.625 00490.239 00515.206 00340.916 00832.835 00314.057 00428.269 00408.372 01117.041 00339.193 00637.660 00509.453 00319.103 00612.102 00275.280 00265.709 00511.597 00391.816 01282.286 00601.901 00636.821 01120.767 00397.464 01096.445 00522.094 00195.108 00597.765 00639.165 00793.679 00465.667 00625.427 00288.458 00287.962 00295.126 00475.452 00596.018 00591.722 00600.457 00602.892 00454.154
-9999.0 -9999.0 -9999.0 -9999.0 -9999.0 -9999.0 -9999.0 -9999.0 -9999.0 -9999.0 -9999.0 -9999.0 -9999.0 -9999.0 -9999.0 -9999.0 -9999.0 -9999.0 -9999.0 -9999.0 -9999.0 -9999.0 00674.123 00304.314 00261.265 00560.006 00555.076 00519.520 00612.076 00689.616 00363.622 00444.747 00638.624 00637.849 00357.876 00289.785 00323.684 00300.152 00277.582 00535.271 00565.882 00151.004 00153.785 00208.781 00783.202 01182.040 01102.899 00588.914 00953.841 01178.947 00629.925 00606.362 00791.189 00247.614 00152.107 00705.800 00284.383 00581.945 00599.154 00609.309 00605.949 00485.046
-9999.0 -9999.0 -9999.0 -9999.0 -9999.0 -9999.0 -9999.0 -9999.0 -9999.0 -9999.0 -9999.0 -9999.0 -9999.0 -9999.0 -9999.0 -9999.0 -9999.0 -9999.0 -9999.0 -9999.0 -9999.0 -9999.0 00209.792 00542.712 01106.912 01204.255 00559.373 00462.482 00204.623 00433.189 00681.045 00537.018 00637.291 00636.668 00312.096 00453.954 00311.354 00302.327 00312.353 00302.203 00535.365 00579.699 00209.578 00172.419 01090.737 01208.046 00249.829 00371.134 00937.466 00643.473 00631.656 00381.909 00188.543 00184.083 00339.420 00400.063 00587.421 00591.715 00441.173 00497.706 00280.232 00265.790
-9999.0 -9999.0 -9999.0 -9999.0 -9999.0 -9999.0 -9999.0 -9999.0 -9999.0 -9999.0 -9999.0 -9999.0 -9999.0 -9999.0 -9999.0 -9999.0 -9999.0 -9999.0 -9999.0 -9999.0 -9999.0 -9999.0 -9999.0 00177.347 00281.840 01507.965 01425.188 01032.923 00188.786 00777.789 00712.851 00842.071 00509.773 00313.723 00293.941 00602.300 00299.147 00641.120 00558.787 00272.094 00917.435 00551.123 00270.036 00426.217 00583.176 00340.156 00520.110 00553.855 00241.667 00232.795 00635.932 00187.248 00554.492 00292.005 00345.453 00469.760 00248.338 00553.954 00237.062 00204.221 00206.617 00207.767
-9999.0 -9999.0 -9999.0 -9999.0 -9999.0 -9999.0 -9999.0 -9999.0 -9999.0 -9999.0 -9999.0 -9999.0 -9999.0 -9999.0 -9999.0 -9999.0 -9999.0 -9999.0 -9999.0 -9999.0 -9999.0 -9999.0 -9999.0 -9999.0 00259.187 00337.688 00406.231 00591.168 00157.565 00684.252 01005.176 00218.843 00570.112 00607.338 01196.432 01201.327 00645.584 00297.976 00317.278 00450.647 00378.132 00335.384 00211.519 00671.279 00992.945 00955.758 00648.716 01029.041 00601.194 00639.768 00629.343 00606.145 00337.127 00550.488 00508.110 00584.898 00590.841 00590.280 00602.139 00542.191 00332.099 00211.425
-9999.0 -9999.0 -9999.0 -9999.0 -9999.0 -9999.0 -9999.0 -9999.0 -9999.0 -9999.0 -9999.0 -9999.0 -9999.0 -9999.0 -9999.0 -9999.0 -9999.0 -9999.0 -9999.0 -9999.0 -9999.0 -9999.0 -9999.0 00251.428 00278.367 00566.473 00909.282 00356.687 00268.959 00233.375 00193.823 00438.420 00538.354 00320.588 01215.267 01187.398 00269.775 00397.772 01100.539 00570.028 00613.328 00258.948 00540.117 00659.127 00579.390 00558.126 00273.791 00420.132 00446.271 00636.086 00433.092 00500.142 00171.274 00268.895 00479.886 00357.658 00577.388 00601.760 00604.605 00597.934 00610.808 00290.304
-9999.0 -9999.0 -9999.0 -9999.0 -9999.0 -9999.0 -9999.0 -9999.0 -9999.0 -9999.0 -9999.0 -9999.0 -9999.0 -9999.0 -9999.0 -9999.0 -9999.0 -9999.0 -9999.0 -9999.0 -9999.0 -9999.0 -9999.0 00365.212 00466.148 00159.032 00168.520 00220.893 00436.283 00481.008 00867.765 00657.092 01022.887 01153.240 01173.156 00950.031 00499.783 00638.548 01222.396 00595.339 01105.231 00245.327 00300.400 01236.494 00490.746 00965.101 00359.534 00426.212 00461.271 00639.086 00333.711 00222.172 00520.456 00269.712 00326.144 00577.974 00556.989 00486.886 00467.464 00599.531 00598.240 00549.395
-9999.0 -9999.0 -9999.0 -9999.0 -9999.0 -9999.0 -9999.0 -9999.0 -9999.0 -9999.0 -9999.0 -9999.0 -9999.0 -9999.0 -9999.0 -9999.0 -9999.0 -9999.0 -9999.0 -9999.0 -9999.0 -9999.0 -9999.0 -9999.0 -9999.0 00168.646 00279.230 00302.205 01241.616 00590.995 00742.456 00751.770 00790.315 01159.459 01063.722 00711.849 00344.652 00976.148 00581.433 00610.837 00440.678 00432.447 00579.934 01387.572 00260.176 00476.529 00662.970 00645.208 00642.959 00634.965 00232.260 00501.523 00289.219 00586.287 00360.701 00606.874 00203.421 00399.704 00604.598 00599.947 00153.124 00542.180
-9999.0 -9999.0 -9999.0 -9999.0 -9999.0 -9999.0 -9999.0 -9999.0 -9999.0 -9999.0 -9999.0 -9999.0 -9999.0 -9999.0 -9999.0 -9999.0 -9999.0 -9999.0 -9999.0 -9999.0 -9999.0 -9999.0 -9999.0 -9999.0 -9999.0 -9999.0 -9999.0 00238.475 00562.401 00559.998 01159.129 00309.867 00932.340 00474.511 01003.564 00400.654 01027.166 00968.402 00573.576 00599.407 00240.327 00205.551 01071.101 01311.123 00522.313 01135.886 00634.203 00585.033 00633.470 00644.864 00251.017 00358.076 00580.320 00596.716 00599.209 00607.282 00222.720 00477.112 00581.697 00607.981 00274.647 00319.759
-9999.0 -9999.0 -9999.0 -9999.0 -9999.0 -9999.0 -9999.0 -9999.0 -9999.0 -9999.0 -9999.0 -9999.0 -9999.0 -9999.0 -9999.0 -9999.0 -9999.0 -9999.0 -9999.0 -9999.0 -9999.0 -9999.0 -9999.0 -9999.0 -9999.0 -9999.0 -9999.0 -9999.0 00207.746 00572.480 00237.054 00402.487 00409.851 00645.552 00196.283 00857.457 00575.881 00457.551 00581.721 00603.280 00153.978 00664.908 00529.168 01354.494 00358.389 00636.918 00208.172 00438.753 00250.129 00327.832 00510.772 00561.397 00591.359 00605.058 00611.466 00474.607 00394.924 00582.805 00550.683 00158.479 00495.707 00417.120
-9999.0 -9999.0 -9999.0 -9999.0 -9999.0 -9999.0 -9999.0 -9999.0 -9999.0 -9999.0 -9999.0 -9999.0 -9999.0 -9999.0 -9999.0 -9999.0 -9999.0 -9999.0 -9999.0 -9999.0 -9999.0 -9999.0 -9999.0 -9999.0 -9999.0 -9999.0 -9999.0 -9999.0 00267.844 00281.865 00506.784 00333.349 00199.439 00378.044 00467.594 00393.305 00689.991 00258.438 00590.917 00612.995 00909.004 00391.125 00326.063 00155.793 00181.227 00639.084 00207.225 00177.557 00464.422 00610.895 00491.375 00578.931 00599.973 00201.459 00626.351 00206.387 00612.015 00165.743 00175.130 00614.340 00652.425 00653.817
-9999.0 -9999.0 -9999.0 -9999.0 -9999.0 -9999.0 -9999.0 -9999.0 -9999.0 -9999.0 -9999.0 -9999.0 -9999.0 -9999.0 -9999.0 -9999.0 -9999.0 -9999.0 -9999.0 -9999.0 -9999.0 -9999.0 -9999.0 -9999.0 -9999.0 -9999.0 -9999.0 00171.689 00217.862 00539.659 00676.819 00316.954 00499.975 00250.751 01228.580 00638.017 00256.396 00355.681 00441.442 00409.747 00518.469 00369.079 00867.081 00616.416 00645.927 00576.377 00573.866 00520.695 00199.548 00214.306 00149.650 00207.625 00601.390 00203.046 00207.772 00208.326 00209.747 00656.755 00488.765 00653.210 00656.228 00656.738
-9999.0 -9999.0 -9999.0 -9999.0 -9999.0 -9999.0 -9999.0 -9999.0 -9999.0 -9999.0 -9999.0 -9999.0 -9999.0 -9999.0 -9999.0 -9999.0 -9999.0 -9999.0 -9999.0 -9999.0 -9999.0 -9999.0 -9999.0 -9999.0 -9999.0 -9999.0 -9999.0 00149.848 01080.230 00424.440 00659.560 00338.517 00437.727 00211.789 00170.558 00570.693 00578.492 00599.273 00417.175 00574.773 00155.218 00783.868 00152.469 00363.159 00769.158 00970.249 00259.274 00705.810 00747.426 00348.329 00164.273 00143.098 00591.083 00526.545 00228.866 00211.010 00654.624 00655.963 00653.857 00656.985 00654.634 00654.574
-9999.0 -9999.0 -9999.0 -9999.0 -9999.0 -9999.0 -9999.0 -9999.0 -9999.0 -9999.0 -9999.0 -9999.0 -9999.0 -9999.0 -9999.0 -9999.0 -9999.0 -9999.0 -9999.0 -9999.0 -9999.0 -9999.0 -9999.0 -9999.0 -9999.0 -9999.0 00473.300 00255.911 00444.732 00283.022 00523.796 00484.619 01131.053 00305.101 00311.292 00569.291 00604.878 01330.213 00214.770 00218.796 01369.352 01404.156 01361.537 00210.982 00324.406 01392.248 00554.605 00948.150 00220.316 00187.453 00653.527 00192.044 00435.989 00505.662 00204.942 00245.643 00651.801 00218.393 00655.693 00651.909 00647.766 00647.224
-9999.0 -9999.0 -9999.0 -9999.0 -9999.0 -9999.0 -9999.0 -9999.0 -9999.0 -9999.0 -9999.0 -9999.0 -9999.0 -9999.0 -9999.0 -9999.0 -9999.0 -9999.0 -9999.0 -9999.0 -9999.0 -9999.0 -9999.0 -9999.0 -9999.0 -9999.0 -9999.0 00209.564 01212.238 00521.805 00540.040 00941.800 00283.590 00280.284 00582.665 00860.202 00577.909 00603.278 00708.412 00737.029 00338.676 00623.561 01366.547 00269.287 00868.463 00718.737 00601.557 00289.436 00676.086 00324.187 00150.835 00556.869 00538.994 00596.545 00612.885 00429.142 00278.289 00553.416 00654.669 00648.117 00245.506 00219.424
-9999.0 -9999.0 -9999.0 -9999.0 -9999.0 -9999.0 -9999.0 -9999.0 -9999.0 -9999.0 -9999.0 -9999.0 -9999.0 -9999.0 -9999.0 -9999.0 -9999.0 -9999.0 -9999.0 -9999.0 -9999.0 -9999.0 -9999.0 -9999.0 -9999.0 -9999.0 -9999.0 00158.974 00320.578 00347.236 00507.895 00612.860 01028.586 00728.166 00342.364 00634.801 00850.466 00573.323 00597.492 00857.732 00479.178 00348.595 00290.842 01385.667 00212.400 00173.099 00213.084 00639.156 00553.374 00581.628 00328.839 00188.626 00223.082 00581.316 00599.083 00218.784 00646.161 00223.367 00647.739 00650.790 00215.932 00095.544
