TestFarsite/SampleData/Outputs/test_Intensity.asc
NCOLS 401
NROWS 476
XLLCORNER -5994.000000
YLLCORNER -7142.000000
CELLSIZE 30.000000
NODATA_VALUE -9999.0
[rows 196 to 223 of 476, columns 0 to 61 of 401]
-9999.0 -9999.0 -9999.0 -9999.0 -9999.0 -9999.0 -9999.0 -9999.0 -9999.0 -9999.0 -9999.0 -9999.0 -9999.0 -9999.0 -9999.0 -9999.0 -9999.0 -9999.0 -9999.0 -9999.0 -9999.0 -9999.0 -9999.0 00004.955 00021.728 00003.656 -9999.0 -9999.0 -9999.0 00771.392 01024.309 00633.438 00016.466 00007.147 00034.873 00043.392 00047.710 00048.283 00077.002 00082.625 00037.548 00014.399 00020.235 00013.729 00011.667 00113.181 00024.097 00021.074 00022.719 00137.193 00073.861 00501.190 01216.205 00480.703 00039.267 00014.068 00018.050 00021.028 00006.404 00010.755 00043.346 00024.366
-9999.0 -9999.0 -9999.0 -9999.0 -9999.0 -9999.0 -9999.0 -9999.0 -9999.0 -9999.0 -9999.0 -9999.0 -9999.0 -9999.0 -9999.0 -9999.0 -9999.0 -9999.0 -9999.0 -9999.0 -9999.0 -9999.0 -9999.0 00008.625 00022.578 -9999.0 -9999.0 -9999.0 -9999.0 -9999.0 00530.132 00597.046 00155.567 00435.898 00033.062 00034.363 00042.142 00405.054 00063.660 01597.490 02642.141 03264.253 03318.311 00011.892 00013.280 00021.650 00043.430 00133.046 00055.648 00109.743 00035.912 00164.466 00415.262 01501.036 00047.017 00015.045 03437.821 00567.940 -9999.0 00007.924 00018.852 00012.668
-9999.0 -9999.0 -9999.0 -9999.0 -9999.0 -9999.0 -9999.0 -9999.0 -9999.0 -9999.0 -9999.0 -9999.0 -9999.0 -9999.0 -9999.0 -9999.0 -9999.0 -9999.0 -9999.0 -9999.0 -9999.0 -9999.0 00426.999 00372.686 00147.816 -9999.0 -9999.0 -9999.0 00004.052 00003.479 00002.551 00246.317 00451.628 00109.047 00030.375 00036.703 00042.523 00768.287 00055.540 00570.368 02220.170 02929.362 02895.692 00018.620 00012.854 00080.244 00237.428 00232.390 00043.814 00105.804 00086.746 00010.809 00008.058 00052.746 00018.313 00011.033 00625.021 00535.303 00013.988 00005.786 00007.199 00012.958
-9999.0 -9999.0 -9999.0 -9999.0 -9999.0 -9999.0 -9999.0 -9999.0 -9999.0 -9999.0 -9999.0 -9999.0 -9999.0 -9999.0 -9999.0 -9999.0 -9999.0 -9999.0 -9999.0 -9999.0 -9999.0 -9999.0 -9999.0 -9999.0 -9999.0 -9999.0 00014.949 00013.788 00009.453 00005.324 00004.317 -9999.0 -9999.0 00208.343 00024.279 00019.285 00043.801 00168.370 00062.074 00254.326 01512.520 02175.356 01224.930 00057.764 00014.435 01335.207 00256.255 00178.998 00021.774 00040.781 00026.364 00018.775 00011.027 00017.831 00012.585 00014.149 00014.488 00016.956 00013.540 00012.929 00011.842 00007.503
-9999.0 -9999.0 -9999.0 -9999.0 -9999.0 -9999.0 -9999.0 -9999.0 -9999.0 -9999.0 -9999.0 -9999.0 -9999.0 -9999.0 -9999.0 -9999.0 -9999.0 -9999.0 -9999.0 -9999.0 -9999.0 -9999.0 00006.409 00006.723 00194.976 00002.365 -9999.0 00012.986 00011.948 00011.593 00003.421 -9999.0 -9999.0 -9999.0 -9999.0 00006.049 00043.086 00058.071 00076.030 00091.886 00643.032 01331.404 00099.078 00077.748 00259.128 01209.106 00681.915 00126.470 00051.490 00020.593 00020.072 00012.740 00018.089 00449.573 01475.271 00013.070 00033.785 00037.855 00015.239 02477.128 00014.564 00017.108
-9999.0 -9999.0 -9999.0 -9999.0 -9999.0 -9999.0 -9999.0 -9999.0 -9999.0 -9999.0 -9999.0 -9999.0 -9999.0 -9999.0 -9999.0 -9999.0 -9999.0 -9999.0 -9999.0 -9999.0 -9999.0 -9999.0 00006.305 02783.192 00309.201 00167.528 -9999.0 00015.101 01843.028 00005.660 00004.995 -9999.0 -9999.0 -9999.0 -9999.0 00004.188 00037.854 00032.584 00065.141 01167.809 00485.601 00158.441 01474.305 01568.396 00271.145 01375.750 00418.758 00091.570 00116.425 00018.351 00023.339 00010.555 00015.822 00631.031 00560.439 00071.093 00020.654 00022.974 00019.202 00016.358 00029.669 00020.449
-9999.0 -9999.0 -9999.0 -9999.0 -9999.0 -9999.0 -9999.0 -9999.0 -9999.0 -9999.0 -9999.0 -9999.0 -9999.0 -9999.0 -9999.0 -9999.0 -9999.0 -9999.0 -9999.0 -9999.0 -9999.0 00008.063 00006.378 00758.016 00193.844 -9999.0 -9999.0 00013.570 02034.484 00002.300 -9999.0 00005.171 00004.709 -9999.0 00005.043 00018.187 00026.301 00009.516 00050.130 00494.615 00387.258 00157.869 00294.537 01034.119 01014.092 00387.251 00044.125 00112.750 00106.470 00023.586 00024.603 00020.876 00010.354 00078.449 00083.691 00103.420 00054.324 00020.788 00021.673 00021.787 00022.926 00029.097
-9999.0 -9999.0 -9999.0 -9999.0 -9999.0 -9999.0 -9999.0 -9999.0 -9999.0 -9999.0 -9999.0 -9999.0 -9999.0 -9999.0 -9999.0 -9999.0 -9999.0 -9999.0 -9999.0 -9999.0 -9999.0 00006.511 00006.737 00174.216 00003.365 -9999.0 -9999.0 00006.355 02671.506 00004.057 00005.230 00011.814 00009.503 00004.215 00006.152 00005.523 00075.638 00028.612 00035.742 00161.255 00245.161 00152.149 00304.615 00253.999 01305.255 00016.971 00113.519 00096.486 00083.609 00021.768 00023.451 00023.297 00018.135 00019.610 00065.766 00086.366 00090.106 00018.763 00022.540 00022.633 00077.175 00029.226
-9999.0 -9999.0 -9999.0 -9999.0 -9999.0 -9999.0 -9999.0 -9999.0 -9999.0 -9999.0 -9999.0 -9999.0 -9999.0 -9999.0 -9999.0 -9999.0 -9999.0 -9999.0 -9999.0 -9999.0 -9999.0 -9999.0 -9999.0 00003.812 -9999.0 -9999.0 -9999.0 00007.081 02399.705 00051.080 00022.284 00017.808 00599.970 00003.384 00005.602 00012.874 00005.303 00007.858 00018.420 00011.747 00083.244 00116.499 00299.998 00229.459 00675.519 00066.111 00080.487 00048.615 00020.755 00244.676 00016.199 00015.251 00023.535 00427.507 00077.664 00050.754 00032.729 00450.965 00692.057 00029.846 00157.946 00078.820
-9999.0 -9999.0 -9999.0 -9999.0 -9999.0 -9999.0 -9999.0 -9999.0 -9999.0 -9999.0 -9999.0 -9999.0 -9999.0 -9999.0 -9999.0 -9999.0 -9999.0 -9999.0 -9999.0 -9999.0 -9999.0 00004.166 -9999.0 -9999.0 -9999.0 -9999.0 -9999.0 00005.433 00010.917 00015.693 00023.546 00016.320 00014.576 00048.758 00004.825 00002.183 -9999.0 00009.504 00010.060 00015.943 00039.310 00048.703 00270.055 00166.312 00012.947 00158.795 00022.473 00033.691 00016.972 00020.858 00019.336 00024.217 00077.046 00275.200 00012.834 00014.435 00012.782 00054.559 01100.455 00106.848 00298.703 00928.605
-9999.0 -9999.0 -9999.0 -9999.0 -9999.0 -9999.0 -9999.0 -9999.0 -9999.0 -9999.0 -9999.0 -9999.0 -9999.0 -9999.0 -9999.0 -9999.0 -9999.0 -9999.0 -9999.0 -9999.0 00007.158 00005.639 00003.465 -9999.0 -9999.0 -9999.0 00004.381 00004.685 02225.603 04891.429 00012.254 00019.239 00016.015 00002.720 00002.132 -9999.0 00009.246 00013.378 00016.325 00045.504 00043.448 00020.869 00155.356 00094.257 00013.676 00087.767 00018.391 00313.371 00012.943 00112.641 00027.339 00018.380 00101.295 00277.693 00012.326 00018.701 00011.880 00266.931 00829.646 00551.794 00084.402 00240.427
-9999.0 -9999.0 -9999.0 -9999.0 -9999.0 -9999.0 -9999.0 -9999.0 -9999.0 -9999.0 -9999.0 -9999.0 -9999.0 -9999.0 -9999.0 -9999.0 -9999.0 -9999.0 -9999.0 -9999.0 00009.655 00771.708 00764.526 00004.650 00003.280 00004.830 00005.418 00005.112 03692.436 05210.778 00009.018 00009.647 00010.542 00002.672 00002.958 00004.559 00010.788 00020.896 00021.612 00035.186 00008.593 00056.915 00109.481 00016.224 00065.657 00112.394 00015.176 00024.327 00022.254 00068.182 00316.667 00111.766 00042.038 00243.288 00013.518 00025.415 00009.603 00010.810 00411.254 00051.870 00011.321 00043.188
-9999.0 -9999.0 -9999.0 -9999.0 -9999.0 -9999.0 -9999.0 -9999.0 -9999.0 -9999.0 -9999.0 -9999.0 -9999.0 -9999.0 -9999.0 -9999.0 -9999.0 -9999.0 -9999.0 00005.944 00088.041 00851.532 04917.331 00006.031 00005.928 00006.213 00057.548 04485.842 04031.330 03741.473 00180.965 00009.671 00004.733 00005.998 00004.568 00004.152 00045.922 00014.996 00022.703 00023.094 00021.545 00034.053 00119.419 00171.743 00020.887 00138.861 00020.460 00021.955 00022.097 00025.324 00220.497 00057.950 00019.910 00063.799 00022.697 00024.631 00022.284 00010.576 00015.735 00056.904 00360.291 00667.477
-9999.0 -9999.0 -9999.0 -9999.0 -9999.0 -9999.0 -9999.0 -9999.0 -9999.0 -9999.0 -9999.0 -9999.0 -9999.0 -9999.0 -9999.0 -9999.0 -9999.0 -9999.0 -9999.0 00002.948 00325.731 00361.156 00013.157 00016.715 00009.472 00006.302 01420.378 00019.391 00018.215 00690.411 00822.284 00006.759 00006.216 00003.320 00005.202 00012.185 00011.443 00012.955 00133.559 00194.812 00051.274 00013.102 00102.069 00159.704 00157.772 00124.332 00016.108 00016.136 00114.004 00179.226 00014.082 00135.596 00020.621 00011.645 00232.648 00242.228 00021.860 00011.573 00079.186 00037.773 00277.401 00599.035
-9999.0 -9999.0 -9999.0 -9999.0 -9999.0 -9999.0 -9999.0 -9999.0 -9999.0 -9999.0 -9999.0 -9999.0 -9999.0 -9999.0 -9999.0 -9999.0 -9999.0 -9999.0 -9999.0 -9999.0 -9999.0 00004.910 00006.115 02713.515 00893.646 00014.215 00008.707 00019.204 00017.932 00017.809 00063.044 05101.370 00008.736 00006.641 00008.850 00006.586 00086.439 00010.653 00030.656 00178.575 00162.659 00067.396 00030.242 00110.195 00268.084 00101.518 00030.319 00012.425 00137.376 00167.223 00138.265 00073.895 00020.491 00011.525 00168.470 00081.878 00021.566 00008.928 00055.905 00058.127 00060.290 00050.157
-9999.0 -9999.0 -9999.0 -9999.0 -9999.0 -9999.0 -9999.0 -9999.0 -9999.0 -9999.0 -9999.0 -9999.0 -9999.0 -9999.0 -9999.0 -9999.0 -9999.0 -9999.0 -9999.0 -9999.0 -9999.0 00004.845 00005.017 00014.723 07979.761 00016.017 00491.773 01465.234 00013.236 00018.704 00476.081 00330.106 01954.092 00023.718 00018.773 00011.428 00005.782 00005.870 00012.752 00119.292 00106.992 00021.296 00021.495 00025.069 00211.103 00087.612 00036.864 00010.727 00098.208 00098.621 00111.688 00067.344 00064.818 00049.424 00105.712 00124.148 00014.960 00008.706 00061.698 00062.106 00073.966 00044.608
-9999.0 -9999.0 -9999.0 -9999.0 -9999.0 -9999.0 -9999.0 -9999.0 -9999.0 -9999.0 -9999.0 -9999.0 -9999.0 -9999.0 -9999.0 -9999.0 -9999.0 -9999.0 -9999.0 -9999.0 -9999.0 -9999.0 00003.664 00004.080 00023.026 00012.104 00146.699 00156.131 00013.287 00009.773 00038.776 00156.520 00918.151 00021.575 00021.385 00016.489 00028.662 00016.349 00018.743 00026.009 00024.851 00018.644 00015.298 00017.029 00031.573 00011.381 00514.201 00023.874 00097.452 00013.255 00183.634 00029.139 00016.552 00015.163 00028.946 00021.566 00022.488 00035.665 00068.294 00022.925 00056.540 00039.008
-9999.0 -9999.0 -9999.0 -9999.0 -9999.0 -9999.0 -9999.0 -9999.0 -9999.0 -9999.0 -9999.0 -9999.0 -9999.0 -9999.0 -9999.0 -9999.0 -9999.0 -9999.0 -9999.0 -9999.0 -9999.0 -9999.0 00003.129 00002.632 00004.688 00005.272 00453.948 00011.649 00002.981 00025.469 00030.753 00032.481 01185.448 00137.069 08701.918 00011.602 00028.025 00020.325 00032.296 00036.500 00021.858 00023.519 00017.614 00007.591 00098.359 00023.620 00015.272 00024.279 00009.421 00108.191 00083.712 00009.973 00013.015 00021.229 00021.110 00153.408 00053.059 00011.543 00274.600 00028.978 00009.670 00013.739
-9999.0 -9999.0 -9999.0 -9999.0 -9999.0 -9999.0 -9999.0 -9999.0 -9999.0 -9999.0 -9999.0 -9999.0 -9999.0 -9999.0 -9999.0 -9999.0 -9999.0 -9999.0 -9999.0 -9999.0 -9999.0 -9999.0 -9999.0 -9999.0 00006.432 00664.296 00006.121 00015.123 00010.933 00046.744 00020.289 00027.419 00008.085 00012.901 05152.310 00010.135 00020.883 00013.887 00026.410 00290.593 00065.114 00006.350 00030.994 00017.310 00017.336 00012.000 00071.379 00077.663 00009.885 00100.605 00007.621 00072.524 00038.667 00009.743 00012.501 00009.996 00041.368 00028.610 00085.603 00016.801 00022.219 00010.775
-9999.0 -9999.0 -9999.0 -9999.0 -9999.0 -9999.0 -9999.0 -9999.0 -9999.0 -9999.0 -9999.0 -9999.0 -9999.0 -9999.0 -9999.0 -9999.0 -9999.0 -9999.0 -9999.0 -9999.0 -9999.0 -9999.0 -9999.0 -9999.0 00010.286 00011.142 00016.518 00138.255 -9999.0 00095.043 00013.255 00019.312 00199.826 00090.423 00006.625 00010.639 00102.978 00038.013 00019.948 00014.353 00008.213 00008.240 00008.236 00014.453 00011.264 00017.403 00014.618 00018.948 00021.432 00007.804 00026.269 00072.219 00025.567 00054.350 00051.375 00102.091 00010.517 00073.083 00026.307 00061.091 00017.958 05063.765
-9999.0 -9999.0 -9999.0 -9999.0 -9999.0 -9999.0 -9999.0 -9999.0 -9999.0 -9999.0 -9999.0 -9999.0 -9999.0 -9999.0 -9999.0 -9999.0 -9999.0 -9999.0 -9999.0 -9999.0 -9999.0 -9999.0 -9999.0 -9999.0 00007.165 00362.194 00022.802 00005.150 00004.943 00015.764 00006.455 00007.447 00015.314 00012.149 00007.461 00020.122 00006.745 00007.611 00006.852 00347.233 00007.317 00007.274 00016.134 00007.372 00021.838 00012.991 00012.690 00017.525 00020.098 00016.244 00013.694 00062.608 00034.500 00023.546 00067.575 00115.392 00017.258 00006.143 00038.228 02185.020 00431.603 00365.812
-9999.0 -9999.0 -9999.0 -9999.0 -9999.0 -9999.0 -9999.0 -9999.0 -9999.0 -9999.0 -9999.0 -9999.0 -9999.0 -9999.0 -9999.0 -9999.0 -9999.0 -9999.0 -9999.0 -9999.0 -9999.0 -9999.0 -9999.0 -9999.0 00005.128 00006.662 00013.483 00222.692 00006.592 00004.229 00003.814 00004.486 00005.363 00012.038 00004.974 00003.735 00004.042 00006.966 00004.904 00003.039 00003.365 00004.029 00005.550 00010.414 00006.173 00008.074 00007.821 00255.087 00019.320 00025.954 00010.318 00016.949 00045.459 00034.336 00147.907 00096.963 00028.681 00009.419 01205.173 01592.657 00107.763 00039.732
-9999.0 -9999.0 -9999.0 -9999.0 -9999.0 -9999.0 -9999.0 -9999.0 -9999.0 -9999.0 -9999.0 -9999.0 -9999.0 -9999.0 -9999.0 -9999.0 -9999.0 -9999.0 -9999.0 -9999.0 -9999.0 -9999.0 -9999.0 00005.278 00005.040 00202.512 00252.898 00349.311 00013.426 02687.621 01667.850 00503.656 01194.663 00562.275 00666.708 00148.696 00073.084 00010.041 00015.677 00860.115 00432.697 00219.746 00378.231 00694.943 00143.357 00002.703 00003.600 00002.924 00221.389 01070.108 00006.782 00006.061 00006.343 00022.980 00129.580 00016.072 00022.987 00776.852 00884.664 01052.600 00478.065 00050.816
-9999.0 -9999.0 -9999.0 -9999.0 -9999.0 -9999.0 -9999.0 -9999.0 -9999.0 -9999.0 -9999.0 -9999.0 -9999.0 -9999.0 -9999.0 -9999.0 -9999.0 -9999.0 -9999.0 -9999.0 -9999.0 -9999.0 -9999.0 -9999.0 00003.280 00141.173 00238.095 00006.725 00013.705 01905.412 01430.582 02870.020 03144.289 03038.679 03227.624 03159.954 01511.078 01494.651 01663.232 01044.854 01347.388 01177.091 01775.422 01564.484 00843.451 00185.809 00137.221 00003.708 00002.579 00006.200 00021.321 00015.621 00019.534 00006.236 00006.092 00060.910 00073.834 00201.391 00318.231 00028.823 00686.608 00416.533
-9999.0 -9999.0 -9999.0 -9999.0 -9999.0 -9999.0 -9999.0 -9999.0 -9999.0 -9999.0 -9999.0 -9999.0 -9999.0 -9999.0 -9999.0 -9999.0 -9999.0 -9999.0 -9999.0 -9999.0 -9999.0 -9999.0 -9999.0 -9999.0 00009.944 00067.437 00080.051 00004.868 00006.724 00006.258 00006.694 00009.302 00010.887 04285.495 04473.213 04243.833 04015.827 03296.205 01052.307 00313.347 00626.066 00156.867 00017.265 02068.055 01773.822 01024.877 00017.231 00005.323 00333.129 00003.726 00005.870 00007.073 00005.585 00009.278 00016.952 00010.125 00026.705 00011.633 00018.043 00014.375 00018.216 00004.663
-9999.0 -9999.0 -9999.0 -9999.0 -9999.0 -9999.0 -9999.0 -9999.0 -9999.0 -9999.0 -9999.0 -9999.0 -9999.0 -9999.0 -9999.0 -9999.0 -9999.0 -9999.0 -9999.0 -9999.0 -9999.0 -9999.0 -9999.0 -9999.0 00010.719 00755.905 00004.913 00006.241 00012.253 00003.999 00004.938 00016.732 00036.895 00189.341 02891.527 03182.320 00654.941 00007.557 00006.865 00092.945 01867.273 01234.551 00798.779 02082.751 02140.396 02066.389 02089.907 00288.113 01804.555 02172.081 00010.948 00012.244 00008.371 00003.352 00004.883 01823.594 00003.671 00007.446 00016.346 00011.254 00007.159 00003.730
-9999.0 -9999.0 -9999.0 -9999.0 -9999.0 -9999.0 -9999.0 -9999.0 -9999.0 -9999.0 -9999.0 -9999.0 -9999.0 -9999.0 -9999.0 -9999.0 -9999.0 -9999.0 -9999.0 -9999.0 -9999.0 -9999.0 -9999.0 -9999.0 -9999.0 00008.922 00012.013 00496.554 00463.533 00005.444 00004.196 00025.439 00023.333 00019.372 00456.345 00119.174 00023.609 02216.056 00008.577 00895.241 01285.457 01859.134 02269.064 02341.679 02305.517 02196.530 02120.947 02502.079 02523.834 01651.251 01706.900 02476.957 00019.145 00019.202 00155.775 01563.613 00360.352 00002.599 00031.271 00049.141 00047.517 00009.269
-9999.0 -9999.0 -9999.0 -9999.0 -9999.0 -9999.0 -9999.0 -9999.0 -9999.0 -9999.0 -9999.0 -9999.0 -9999.0 -9999.0 -9999.0 -9999.0 -9999.0 -9999.0 -9999.0 -9999.0 -9999.0 -9999.0 -9999.0 -9999.0 -9999.0 -9999.0 00014.667 00013.977 00006.281 00007.429 00005.303 00006.329 00019.288 00010.862 00005.654 00005.206 00012.744 00024.656 00028.923 00011.875 00021.684 00033.188 01410.666 01919.229 02007.643 02018.972 01938.051 01918.081 02548.034 01212.356 01424.419 01659.247 01105.519 02175.991 01031.992 00032.077 00028.739 00014.214 00035.423 00039.922 00055.460 00045.732
