TestFarsite/SampleData/Outputs/test_ReactionIntensity.asc
NCOLS 401
NROWS 476
XLLCORNER -5994.000000
YLLCORNER -7142.000000
CELLSIZE 30.000000
NODATA_VALUE -9999.0
[rows 224 to 251 of 476, columns 186 to 247 of 401]
00218.468 00181.528 00157.366 01069.286 00867.356 01135.236 01223.468 01205.119 00482.191 00279.432 00384.469 00300.492 00249.124 00154.952 01101.892 00175.492 00176.796 00167.693 00167.583 00171.343 00163.663 00151.227 00185.139 00166.640 00165.532 00728.850 00785.769 00198.340 00332.677 00246.777 00370.225 00692.912 00192.390 00183.878 00273.118 -9999.0 00262.217 00258.944 00266.293 00242.779 00192.563 00259.165 00179.192 00228.343 00178.149 00227.327 00259.358 00242.060 00172.115 00153.239 00484.393 -9999.0 00164.773 00603.210 00215.269 00233.796 00174.510 00221.526 00215.964 00218.698 00201.913 00196.555
00775.674 01131.403 01255.747 01257.283 00427.559 01218.187 00153.661 00145.619 00153.583 01207.657 00182.753 00770.373 00483.020 00152.094 00154.282 00658.384 00172.308 00155.797 00122.064 00704.409 00202.225 00182.802 00149.923 00787.376 00553.295 00575.363 00194.721 00934.896 00240.189 00246.041 00232.426 00698.907 01055.228 00160.635 00968.135 -9999.0 00227.139 00235.241 00245.489 00268.149 00288.120 00257.175 00227.178 00206.336 00254.812 00232.254 00263.387 00175.928 00163.576 00173.057 00151.771 01236.684 00210.003 00633.644 00221.722 00202.227 00215.303 00192.504 00645.504 00100.908 00801.479 00193.298
00480.195 00170.564 01066.640 00159.315 00151.647 00152.175 00472.517 00146.056 00230.378 01209.101 00154.318 01195.429 00153.928 00150.961 00154.045 00153.932 00165.583 00175.033 00815.807 00164.514 00169.206 00389.592 00727.050 00290.172 00257.478 00503.846 00346.859 00244.681 00217.297 00245.850 00263.019 00386.140 00575.867 00198.585 -9999.0 -9999.0 00722.894 00711.881 00272.333 00396.552 00820.822 00243.866 00225.429 00191.894 00260.129 00240.306 00226.118 00206.494 00149.433 00185.770 00966.965 00222.464 00497.216 00227.890 00205.926 00216.991 00173.947 00163.138 00167.983 00117.508 -9999.0 -9999.0
00490.237 00101.295 00158.985 00167.375 00157.276 00151.731 00154.254 00147.666 00150.145 00151.204 01200.229 00767.769 00537.284 00194.141 00153.394 00153.697 00574.795 00510.915 00159.727 00157.181 00291.674 00184.481 00265.338 00302.967 00383.855 00285.437 00432.873 00193.573 00693.750 00223.734 00223.660 00259.273 00429.556 00157.577 -9999.0 00070.745 00272.831 00231.060 00227.573 00246.755 00272.964 00247.935 00244.847 00231.104 00229.540 00143.490 00118.362 00157.881 00162.588 00162.857 00209.024 00990.692 00214.693 00221.316 00225.198 00167.531 00141.461 -9999.0 -9999.0 -9999.0 -9999.0 -9999.0
00160.849 00165.836 00203.060 01315.218 00152.124 00155.919 00153.954 00150.346 00152.309 00151.371 01203.039 01199.139 00156.750 00279.959 00144.284 00489.436 00553.882 00155.418 00152.009 00150.669 00186.663 00573.486 00554.103 00584.305 00420.679 00417.289 00913.576 00191.458 00586.731 00270.633 00242.584 00245.544 00370.049 01065.290 00000.000 00196.816 00268.079 00182.473 00242.091 00266.823 00227.140 00152.212 00266.127 00269.936 00162.868 00160.951 01003.280 -9999.0 00241.990 01077.976 00868.383 00201.298 00183.544 00195.911 00321.702 -9999.0 -9999.0 -9999.0 -9999.0 -9999.0 -9999.0 -9999.0
00157.879 00811.497 00196.238 00150.066 00155.591 00160.817 00153.663 00146.320 00146.486 00151.345 01203.556 01224.517 01059.026 00244.469 00159.139 00164.580 00155.916 00150.955 00942.334 00579.725 00583.467 00587.721 00589.549 00599.569 00248.833 00323.172 00304.957 00978.600 00624.603 00195.632 00226.010 00246.407 01101.861 00636.681 00369.538 00251.735 00265.892 00273.617 00216.487 00172.440 00157.571 00765.434 00153.870 00155.745 00507.607 00181.985 00163.998 -9999.0 00514.065 00709.955 00211.587 00152.701 00215.150 00212.396 00168.483 00144.487 -9999.0 -9999.0 -9999.0 -9999.0 -9999.0 -9999.0
00167.072 01048.239 00152.698 00145.407 00150.551 00153.342 00145.606 00149.760 00149.709 00152.684 01214.646 01221.436 00155.406 00326.657 00159.812 00160.298 00157.632 00941.970 00588.975 00598.286 00606.194 00587.459 00206.527 00546.266 00479.871 00497.028 00244.940 00685.376 00240.026 00261.342 00270.113 01024.181 00214.773 00202.889 00271.489 00279.633 00193.352 00178.249 00152.028 00207.089 -9999.0 00348.566 00696.628 00815.886 00160.050 00161.663 00241.801 00218.473 00823.354 00387.609 00222.012 00184.689 00206.989 00206.693 00197.094 00151.980 00226.174 00123.998 -9999.0 -9999.0 -9999.0 -9999.0
00178.494 00423.953 00183.674 00151.529 00151.099 00150.460 00149.703 00153.948 00150.087 00406.166 01212.650 01219.786 00439.411 00282.425 00145.530 00158.221 00151.856 00589.014 00607.819 00244.465 00434.552 00385.189 00561.472 00460.221 00287.630 00143.823 00935.483 -9999.0 -9999.0 -9999.0 00155.775 00185.071 00249.325 00319.731 00341.412 00269.242 00248.850 00287.367 00242.316 00129.668 01026.019 00000.000 00143.684 00113.648 00226.662 00250.685 00364.788 00236.654 00247.676 00128.361 00213.267 00214.849 00202.564 00197.720 00193.726 00170.169 00174.642 -9999.0 -9999.0 -9999.0 -9999.0 -9999.0
00551.510 00257.284 00155.117 00154.540 00152.251 00151.345 00145.991 00150.373 00152.002 00153.820 01236.293 01217.764 01247.306 00155.109 00150.586 00144.172 00475.519 00609.048 00433.906 00321.016 00572.307 00204.343 -9999.0 00478.422 00550.071 00159.213 -9999.0 -9999.0 -9999.0 -9999.0 00020.618 00285.371 00232.368 00390.260 00194.141 00220.566 00185.542 00234.097 00270.475 00165.155 00186.805 00255.731 00686.568 00222.759 00301.581 00440.493 00613.631 00213.028 -9999.0 -9999.0 -9999.0 00150.922 00598.423 00662.038 00171.193 00179.977 -9999.0 -9999.0 -9999.0 -9999.0 -9999.0 -9999.0
01162.009 01292.527 00262.682 00299.224 00154.362 00313.039 00146.544 00150.102 00152.462 00258.747 01225.004 01239.121 00655.604 00201.930 00428.148 00371.455 00597.107 00540.059 00263.417 00503.502 00253.631 00098.140 00264.893 00256.058 00921.899 00261.146 -9999.0 -9999.0 -9999.0 -9999.0 00263.285 00237.217 01011.559 00345.085 00234.779 00241.155 00236.816 00239.267 00235.974 00174.754 00152.894 00170.433 00478.340 00808.054 01022.064 00865.902 00424.509 00250.355 00284.998 00123.140 -9999.0 -9999.0 00159.101 00164.577 00154.962 -9999.0 -9999.0 -9999.0 -9999.0 -9999.0 -9999.0 -9999.0
00446.089 01309.271 01250.617 01211.817 00789.286 00583.985 00151.518 00150.996 00314.979 01225.287 01238.503 00433.122 00595.156 00156.421 00154.850 00359.465 00610.037 00608.810 00445.188 00458.540 00288.304 00226.047 00239.736 00295.894 00201.386 00018.543 -9999.0 00194.831 00271.796 -9999.0 00070.694 00210.800 00214.956 00310.294 00229.818 00278.139 00262.638 00227.119 00203.668 00164.050 00188.327 00168.149 00171.510 00152.495 00578.708 00620.722 00666.579 00243.653 00234.137 00179.996 -9999.0 -9999.0 -9999.0 -9999.0 -9999.0 -9999.0 -9999.0 -9999.0 -9999.0 -9999.0 -9999.0 -9999.0
01257.334 00199.176 00366.724 01053.138 01207.243 01073.437 00266.826 00155.144 01234.295 01251.303 01220.514 01039.073 01211.324 00461.216 00154.060 00191.864 00715.073 00881.720 00384.887 01001.204 00207.896 -9999.0 00245.111 00260.094 00231.961 00191.922 00242.751 00402.976 00241.563 00235.873 00232.565 00237.599 00816.460 00206.111 00275.674 00262.865 00252.283 00245.025 00213.232 00221.233 00198.697 00148.563 00155.561 00167.383 00947.506 00387.189 00651.431 00443.867 00259.254 00206.513 -9999.0 -9999.0 -9999.0 00130.843 00145.390 00138.767 -9999.0 -9999.0 -9999.0 -9999.0 -9999.0 -9999.0
00582.485 00884.429 00398.453 00195.048 00838.238 00969.925 01206.640 01239.520 01248.128 01238.321 01212.158 01240.866 01048.431 00821.231 00395.042 00123.904 00363.573 00495.182 -9999.0 -9999.0 -9999.0 00089.293 00200.880 00283.435 00741.884 00213.813 00501.952 00611.331 00483.237 00229.424 00263.649 00236.174 00234.920 00367.052 00231.406 00224.907 00252.293 00176.887 00158.348 00151.317 00148.948 00200.699 00213.156 00201.937 00531.225 00444.792 00239.562 00212.400 00224.381 00217.883 00065.200 -9999.0 00601.362 00466.612 00163.317 00181.797 00188.670 -9999.0 -9999.0 -9999.0 -9999.0 -9999.0
01090.639 00516.569 00182.112 00592.175 00174.791 00255.259 01209.703 01264.827 01084.654 01232.665 01206.214 00748.663 00180.152 00186.993 00203.085 00574.001 00366.267 00595.506 -9999.0 -9999.0 00239.450 00409.243 00278.222 00236.840 00914.065 00224.372 00722.774 00401.771 00241.867 00288.523 00265.866 00188.996 00224.841 00437.407 00230.822 00217.631 00246.835 00190.088 00209.591 00212.779 00169.177 00175.101 00145.663 00154.123 01057.796 00523.741 00251.345 00286.225 00212.690 00218.145 00042.965 -9999.0 00136.481 00194.663 00181.746 00168.732 -9999.0 -9999.0 -9999.0 -9999.0 -9999.0 -9999.0
00610.390 00344.897 00689.895 00341.335 00157.102 00179.894 00418.422 01267.941 00219.789 00105.946 00159.702 00174.573 00297.097 00456.154 00574.598 00253.277 00216.370 00190.995 -9999.0 -9999.0 -9999.0 00239.532 00257.702 00241.621 00263.767 00273.013 00279.989 00233.965 -9999.0 00271.885 00251.024 00282.345 00289.771 00196.015 00218.988 00254.673 00263.422 00147.801 00233.060 00224.129 00188.454 00195.730 00150.439 00242.706 00852.282 00532.974 00210.427 00200.140 00239.373 00213.616 00190.832 -9999.0 00196.601 00769.534 00171.590 00171.500 -9999.0 -9999.0 -9999.0 -9999.0 -9999.0 -9999.0
01150.379 00244.567 00223.072 00164.362 00341.354 00960.260 00845.884 00154.442 00420.307 00631.926 00197.513 00207.766 00687.184 00179.849 00184.241 00208.168 00859.054 00191.068 00407.897 00765.863 00037.389 00822.394 00236.945 00935.589 00242.867 00267.812 00231.833 00451.675 00110.028 00179.265 00884.061 00729.742 00547.790 00253.257 00245.777 00250.419 00187.587 00253.080 00256.858 00154.156 00216.498 00204.085 00199.836 00863.080 00624.803 00717.940 00249.734 00232.755 00212.227 00208.924 00217.374 00196.106 00203.143 -9999.0 00179.960 -9999.0 -9999.0 -9999.0 -9999.0 -9999.0 -9999.0 -9999.0
00275.545 01034.113 00196.416 00555.890 00810.190 00764.047 00213.553 00478.560 00586.395 00211.712 00491.477 00279.800 00184.276 00267.640 00245.340 00230.805 00946.821 00276.244 00791.167 00346.959 00302.051 00587.987 00270.200 00226.568 00239.791 00252.921 00270.770 00257.289 00223.579 00700.482 00251.078 00221.579 00235.989 00257.208 00251.800 00231.812 00248.252 00246.618 00149.974 00155.041 00156.144 00161.244 00706.663 00156.416 00205.959 00200.812 00178.683 00209.847 00213.535 00199.896 00203.708 00208.726 00195.256 -9999.0 -9999.0 -9999.0 -9999.0 -9999.0 -9999.0 -9999.0 -9999.0 -9999.0
00841.022 00651.224 00157.295 00157.393 00947.946 00775.506 00370.195 01032.763 01182.237 00576.279 00145.775 00684.464 00600.445 00216.278 00524.942 00278.268 00618.283 00245.088 00276.063 00251.739 00224.993 00215.437 00277.785 01008.122 00407.713 00263.631 00226.814 00440.320 00824.749 00249.362 00253.486 00181.382 00261.797 00246.841 00235.597 00257.989 00257.091 00175.337 00190.088 00181.493 00147.434 00161.249 00701.293 00223.232 00230.894 00234.020 00202.048 00150.517 00169.298 00218.464 00204.570 00197.170 00376.518 -9999.0 -9999.0 -9999.0 -9999.0 -9999.0 -9999.0 -9999.0 -9999.0 -9999.0
00168.879 00235.361 00214.006 00193.845 00157.231 00639.388 00743.220 00684.072 01022.960 00342.318 00146.217 00233.823 00154.974 00267.574 00215.820 00178.168 00178.192 00178.182 00180.453 00221.950 00193.844 00217.199 00202.221 00271.393 00236.834 00253.039 00263.199 00278.534 00255.511 00252.804 00413.072 00253.692 00253.266 00197.543 00177.690 00151.674 00164.197 00172.635 00286.007 00210.041 00432.732 00185.637 00168.395 00235.497 00224.644 00234.972 00158.356 00204.367 00219.039 00214.158 00152.198 00179.957 00243.903 -9999.0 -9999.0 -9999.0 -9999.0 -9999.0 -9999.0 -9999.0 -9999.0 -9999.0
00218.882 00176.735 00210.878 00952.099 00208.617 00747.283 00195.424 00442.632 00397.350 00579.149 00409.946 01037.358 00606.454 00216.306 00178.191 00176.116 00178.185 00195.477 00214.648 00188.144 00178.175 00220.897 00226.535 00267.469 00224.871 00224.910 00196.783 00242.775 00280.177 00231.025 00231.723 00237.789 00249.208 00231.819 00225.323 00203.594 00148.360 00215.300 00289.636 00757.083 00308.372 00251.534 00296.038 00202.069 00194.531 00216.674 00156.421 00187.342 00211.692 00211.495 00190.907 00200.338 00120.145 -9999.0 -9999.0 -9999.0 -9999.0 -9999.0 -9999.0 -9999.0 -9999.0 -9999.0
00941.157 00161.148 00155.876 00332.496 00475.831 00471.369 00734.246 00404.541 00505.548 00375.224 00419.361 00178.721 00611.510 00554.172 00178.164 00176.646 00182.750 00224.902 00224.877 00178.143 00208.922 00223.790 00419.334 00249.652 00224.882 00224.393 00193.076 00260.443 00362.940 00279.141 00277.520 00265.889 00240.575 00283.655 00162.988 00163.949 00199.736 00153.288 00916.455 00643.563 00242.552 00223.469 00390.478 00185.491 00715.355 00233.894 00202.809 00203.077 00210.109 00209.445 00201.597 00147.973 -9999.0 -9999.0 -9999.0 -9999.0 -9999.0 -9999.0 -9999.0 -9999.0 -9999.0 -9999.0
00511.415 01161.594 00170.610 01015.963 00816.071 00250.647 00346.675 00480.155 00456.713 00572.640 00579.872 01202.690 00224.025 00178.185 00177.313 00176.526 00222.304 00224.872 00187.028 00191.410 00214.594 00227.411 00213.127 00349.334 00224.897 00222.742 00250.855 00230.999 00248.785 00262.107 00264.398 00260.158 00435.322 00267.670 00719.324 00170.038 00170.121 00270.339 00282.370 00610.210 00154.548 00157.087 00462.249 00810.026 00628.313 00221.456 00203.396 00216.523 00180.169 00154.334 -9999.0 -9999.0 -9999.0 -9999.0 -9999.0 -9999.0 -9999.0 -9999.0 -9999.0 -9999.0 -9999.0 -9999.0
00780.012 00752.976 00289.503 00786.836 00442.202 01273.002 00389.495 00282.481 00144.480 00190.055 00456.003 00837.967 00178.189 00178.173 00178.185 00218.987 00262.433 00258.529 00005.438 00138.776 00221.196 00222.066 00223.752 00228.367 00183.783 00248.401 00286.224 00282.188 00282.529 00412.243 00268.639 00227.286 00374.458 00149.487 00146.158 00154.242 00166.140 00637.083 00153.489 00163.722 00146.149 01033.774 00235.305 00693.601 00166.770 00152.918 00203.508 00201.458 00173.336 00253.661 -9999.0 -9999.0 -9999.0 -9999.0 -9999.0 -9999.0 -9999.0 -9999.0 -9999.0 -9999.0 -9999.0 -9999.0
00931.499 00366.479 00567.093 00606.294 00191.735 00362.729 00286.564 00276.268 00891.708 00201.483 01064.952 00259.668 00178.166 00338.833 00178.192 00178.191 00230.458 00283.129 00198.508 00053.186 00207.625 00177.842 00197.049 00223.002 00213.628 00183.745 00278.687 00334.198 00229.406 00324.895 00215.600 00420.959 00295.750 00229.065 00163.969 00170.862 00149.924 00164.036 00177.501 00180.357 01057.796 00695.388 00251.055 00225.816 00205.570 00206.879 00158.256 00201.418 00158.885 00176.730 -9999.0 -9999.0 -9999.0 -9999.0 -9999.0 -9999.0 -9999.0 -9999.0 -9999.0 -9999.0 -9999.0 -9999.0
00429.863 00147.735 00147.792 00148.390 00467.863 00503.540 00254.948 00527.735 00757.809 00198.078 00649.463 00210.654 00178.190 00612.916 00401.535 00198.964 00248.191 00243.373 00182.918 00227.911 00183.096 00195.910 00227.367 00221.960 00179.349 00362.451 00381.909 00288.181 00262.458 00384.469 00440.981 00319.148 00321.585 00287.661 00403.447 00153.996 00161.294 00183.824 00174.816 00154.736 00226.277 00400.716 00302.843 00199.608 00161.956 00213.948 00202.055 00224.127 00211.059 00186.619 00162.238 -9999.0 -9999.0 -9999.0 -9999.0 -9999.0 -9999.0 -9999.0 -9999.0 -9999.0 -9999.0 -9999.0
00147.499 00250.926 00147.564 00163.124 00484.282 00664.103 00215.699 00177.594 00252.526 00178.566 00278.979 00769.395 00220.989 00392.687 00277.833 00441.095 00273.580 00254.389 00224.858 00228.728 00213.982 00197.032 00227.519 00298.864 00226.603 00226.339 00265.885 00257.451 00247.305 00233.001 00298.865 00299.034 00330.442 00398.029 00187.280 00204.339 00402.220 00188.824 00163.881 00863.126 00218.270 00417.411 00336.305 00206.242 00208.392 00230.646 00392.016 00220.781 00184.759 00177.743 00134.348 -9999.0 00151.422 -9999.0 -9999.0 -9999.0 -9999.0 -9999.0 -9999.0 -9999.0 -9999.0 -9999.0
00155.052 00157.327 00322.438 00356.695 00197.157 00322.328 00238.171 00231.762 00399.817 01136.601 00793.682 00354.659 00269.537 00212.255 00248.459 00650.749 00177.912 00192.272 00221.716 00233.847 00198.691 00224.871 00219.044 00297.706 00249.870 00253.988 00402.742 00250.931 00242.221 00230.169 00259.652 00228.334 00338.892 00230.692 00187.136 00171.017 00258.435 00213.115 00796.995 00178.046 00242.476 00230.647 00204.141 00183.366 00148.145 00150.710 00222.523 00212.339 00191.411 00208.080 -9999.0 -9999.0 00149.724 -9999.0 -9999.0 -9999.0 -9999.0 -9999.0 -9999.0 -9999.0 -9999.0 -9999.0
01066.700 00599.693 00155.716 00486.160 00496.402 00176.683 00817.005 00182.839 00245.135 00188.302 00275.757 00282.854 00280.450 00276.292 00228.106 00234.822 00234.763 00215.435 00234.777 00193.826 00221.137 00216.856 00247.360 00218.468 00352.275 00441.836 00313.233 00254.130 00243.742 00273.737 00257.805 00232.467 00317.123 00224.942 00160.531 00157.575 00205.973 00628.338 00362.571 00249.294 00156.064 00154.318 00199.241 00158.396 00174.708 00158.724 00207.483 00211.645 00200.092 00195.904 00086.508 00002.838 00157.280 -9999.0 -9999.0 -9999.0 -9999.0 -9999.0 -9999.0 -9999.0 -9999.0 -9999.0
