TestFarsite/SampleData/Outputs/test_Intensity.asc
NCOLS 401
NROWS 476
XLLCORNER -5994.000000
YLLCORNER -7142.000000
CELLSIZE 30.000000
NODATA_VALUE -9999.0
[rows 224 to 251 of 476, columns 124 to 185 of 401]
00004.284 00035.974 00037.059 00041.191 00044.382 00055.999 00070.234 00077.757 00087.867 00053.001 00065.788 00102.695 00100.707 00186.703 00157.846 00138.332 00119.049 00065.321 00061.241 00069.405 00144.543 00180.993 00286.265 00356.626 00161.548 00349.165 00469.097 00430.227 00035.311 00035.499 00084.448 00101.324 00121.262 00103.432 00157.848 00035.739 00074.266 00112.817 00084.758 00110.935 00126.316 00108.492 00111.081 00124.392 00144.788 00034.176 00015.194 00018.275 00032.772 01243.304 04416.135 01894.063 00315.750 00500.349 00244.997 00113.333 00225.960 00086.829 00029.026 00259.648 00403.346 01000.438
00003.942 00027.561 00032.713 00039.240 00039.392 00040.094 00058.270 00071.719 00094.892 00049.317 00075.986 00097.949 00121.879 00216.278 00122.975 00091.701 00109.721 00089.996 00069.123 00077.867 00114.058 00182.091 00142.181 00141.266 00272.175 00288.213 00425.321 00318.063 00188.082 00075.429 00099.317 00117.420 00114.399 00085.349 00103.244 00102.629 00163.259 00104.199 00066.989 00103.240 00171.109 00128.063 00123.477 00123.550 00105.481 00008.657 00009.540 00004.662 01660.841 00039.431 01569.526 00049.366 01116.743 00031.508 00028.098 00584.266 00030.138 00288.822 01063.158 00598.188 01751.210 00651.920
00043.445 00006.445 00007.359 00031.136 00034.604 00034.732 00043.974 00074.588 00088.208 00040.565 00070.507 00102.072 00148.497 00373.077 00126.884 00070.497 00119.272 00129.582 00071.130 00067.113 00110.307 00159.089 00195.017 00147.839 00033.125 00276.733 00174.351 00101.188 00077.150 00165.192 00240.294 00235.500 00130.459 00113.119 00086.539 00095.212 00119.824 00093.702 00071.320 00193.856 00271.011 00440.185 00121.788 00066.220 00060.919 00775.938 00008.849 00008.171 01043.040 00089.462 01279.432 00304.413 00013.608 00149.159 00285.942 00139.225 00012.905 00397.879 00242.445 00208.158 00717.147 00163.453
00047.625 00074.783 00024.307 00022.020 00007.455 00007.531 00005.571 00087.820 00088.564 00013.788 00058.329 00130.642 00302.987 00203.022 00110.416 00063.497 00082.787 00093.808 00038.184 00065.604 00099.240 00121.629 00119.067 00223.199 00073.766 00033.797 00036.264 00097.746 00130.690 00139.523 00176.809 00213.299 00129.948 00025.289 00080.615 00107.932 00119.639 00110.822 00089.498 00494.964 00966.762 00450.355 00120.635 00083.457 00712.831 01918.298 00008.536 00434.223 00442.766 00153.613 00126.456 00099.147 00097.723 00091.241 00123.178 00024.309 00043.699 00160.112 00073.375 00818.196 00056.244 00958.212
00039.444 00055.949 00064.265 00062.488 00014.443 00027.935 00006.647 00084.568 00022.157 00007.556 00050.556 00096.318 00111.531 00108.989 00059.643 00056.122 00077.097 00114.872 00101.743 00056.060 00103.539 00128.278 00142.359 00209.519 00405.684 00419.546 00034.132 00033.796 00019.593 00109.835 00181.194 00221.441 00038.903 00029.521 00041.425 00118.774 00124.764 00115.791 00770.257 00487.820 01880.384 00729.469 00310.934 00102.657 00244.601 00301.577 00274.228 00299.092 00188.782 00047.391 00030.447 00089.237 00024.972 00112.511 00106.161 00025.177 00040.798 00026.344 00032.976 00029.448 00032.497 00490.945
00104.917 00038.027 00052.895 00050.867 00048.798 00042.274 00063.756 00073.067 00033.652 00042.025 00020.301 00110.195 00087.600 00050.214 00062.832 00033.942 00029.909 00102.900 00080.350 00031.509 00129.632 00100.024 00161.621 00188.398 00260.902 00364.673 00390.652 00016.466 00030.442 00081.403 00023.990 00031.532 00169.247 00027.825 00034.283 00097.709 00110.580 00139.247 00360.365 00724.895 01346.473 00624.817 00282.729 00197.089 00014.494 00524.946 00393.209 00207.086 00074.595 00051.430 00031.527 00034.470 00101.916 00019.193 00088.367 00026.273 00025.461 00064.274 00196.046 00015.334 00028.895 00013.981
00097.166 00032.227 00030.765 00037.100 00036.168 00054.708 00060.418 00069.977 00073.673 00080.910 00084.986 00096.113 00119.323 00014.048 00027.954 00014.912 00005.821 00143.600 00190.067 00011.198 00182.486 00303.646 00050.542 00154.081 00177.450 00239.507 00275.552 00024.361 00172.430 00030.651 00132.140 00031.548 00041.286 00077.751 00027.721 00052.295 00086.884 00082.118 00246.843 00187.180 00445.868 00322.571 00279.191 00031.076 00382.217 00467.351 00272.345 02136.130 02163.328 00404.208 00066.300 00178.538 00101.315 00132.818 00795.859 00056.455 00507.480 00062.877 00078.753 00055.913 00021.079 00024.622
00077.997 00078.440 00080.712 00055.374 00035.737 00043.264 00061.279 00066.289 00057.799 00081.660 00093.771 00082.700 00116.621 00045.414 00008.400 00011.174 00008.949 00216.490 00339.587 00033.313 00320.826 00346.817 00292.137 00126.307 00130.783 00219.063 00082.011 00026.002 00142.184 00026.471 00198.493 00028.857 00021.496 00025.302 00026.978 00066.586 00153.082 00124.154 00136.343 00209.385 00122.986 00359.871 00120.822 00537.530 00245.393 00150.589 00296.148 00917.820 00888.662 00099.455 00061.187 00030.661 00019.030 00329.536 00949.716 00400.459 00442.617 00067.627 00037.360 00082.957 00225.286 00260.394
00070.507 00070.745 00079.277 00076.247 00054.760 00044.840 00052.430 00057.602 00074.618 00083.497 00109.471 00107.179 00093.312 00112.157 00069.598 00042.470 00023.161 00224.563 00319.436 00016.164 00261.741 00200.128 00178.611 00263.703 00111.095 00049.130 00029.150 00147.626 00149.775 00048.548 00169.199 00076.123 00028.126 00111.666 00088.145 00070.338 00165.999 00168.952 00203.072 00150.551 00102.530 00147.823 00314.460 00378.023 00047.856 00086.755 00027.543 00131.939 00066.866 00174.395 00033.500 00670.203 00341.278 00739.930 00387.954 00418.742 00242.204 00073.667 00078.787 00093.766 00231.878 00327.828
00041.157 00079.368 00099.628 00071.701 00074.529 00046.562 00051.042 00055.240 00068.944 00079.664 00126.921 00110.122 00110.395 00115.953 00093.628 00031.904 00071.713 00029.762 00016.685 00040.454 00195.744 00219.219 00193.876 00245.715 00053.748 00131.323 00339.237 00247.237 00025.941 00032.942 00134.809 00031.834 00093.990 00148.067 00106.178 00119.415 00126.333 00126.650 00101.188 00121.186 00140.712 00098.030 00208.879 00237.986 00016.072 00019.459 00010.217 00005.596 00106.385 00379.560 00972.914 01879.257 00892.595 00775.787 00517.841 00929.034 00043.557 00243.617 00083.028 00323.756 00120.481 00107.728
00012.077 00067.057 00061.092 00035.313 00036.689 00038.407 00049.799 00060.564 00064.908 00098.572 00112.335 00124.401 00102.565 00099.352 00078.226 00049.772 00079.461 00037.029 00061.919 00026.204 00165.255 00175.190 00177.483 00116.796 00023.706 00095.108 00180.089 00027.521 00280.390 00306.365 00096.065 00279.189 00048.930 00135.985 00063.517 00165.638 00107.124 00131.191 00084.471 00098.106 00156.086 00098.194 00157.712 00101.722 00017.006 00023.116 00052.579 00103.508 00095.900 00416.587 02064.896 02259.796 00934.140 00222.913 00296.593 01411.378 00490.732 00248.156 00145.418 00105.336 00087.718 00092.193
00021.924 00083.899 00008.244 00028.740 00020.057 00017.448 00051.199 00055.586 00066.249 00094.741 00099.403 00098.678 00090.036 00082.197 00069.003 00040.976 00053.370 00054.969 00077.492 00030.506 00014.166 00013.886 00093.598 00081.699 00035.633 00094.851 00020.510 00077.085 00277.007 00013.077 00053.598 00145.584 00025.427 00024.943 00023.992 00153.425 00089.135 00111.286 00082.283 00076.920 00147.579 00114.555 00173.274 00027.708 00025.745 00025.799 00036.600 00014.303 00084.463 00607.872 01077.225 01167.757 00446.579 00206.577 00443.804 01062.244 00275.806 00183.410 00135.827 00106.867 00060.663 00102.206
00044.451 00090.093 00088.542 00008.410 00007.591 00062.326 00050.103 00051.064 00062.671 00092.135 00095.921 00085.501 00085.759 00101.733 00092.941 00080.375 00038.835 00049.852 00058.809 00046.075 00073.058 00065.480 00012.690 00029.867 00122.707 00114.748 00112.598 00133.713 00020.859 00051.025 00076.862 00022.366 00067.660 00149.756 00038.449 00025.682 00045.246 00092.921 00073.677 00064.811 00093.235 00116.725 00182.598 00157.779 00024.278 00029.204 00052.390 00036.493 00093.333 00515.343 00334.601 00571.328 00399.830 00547.581 00628.345 00423.313 00195.854 00139.943 00236.980 00073.452 00404.676 00028.028
00097.053 00093.811 00084.518 00077.056 00063.259 00045.325 00046.051 00043.193 00052.472 00073.080 00089.318 00114.984 00169.608 00098.451 00081.854 00083.999 00042.788 00046.465 00045.086 00054.117 00092.038 00095.159 00012.146 00015.801 00116.714 00042.232 00049.732 00065.521 00044.019 00134.372 00033.998 00048.964 00024.962 00182.751 00096.610 00162.662 00091.577 00081.243 00070.842 00058.829 00071.458 00099.704 00108.750 00191.419 00025.336 00219.285 00097.350 00062.820 00061.297 00113.996 00058.674 00042.025 00302.616 00548.936 00244.170 00099.483 00091.799 01115.121 01920.866 00336.140 00036.460 00017.711
00092.972 00097.384 00083.966 00051.683 00016.026 00023.496 00037.634 00018.664 00039.801 00033.209 00108.227 00145.881 00142.481 00107.984 00160.589 00067.147 00089.710 00071.263 00051.095 00057.580 00101.348 00092.187 00044.674 00017.800 00014.878 00013.398 00033.305 00053.867 00060.784 00136.715 00018.355 00014.061 00015.297 00283.294 00031.728 00109.237 00082.918 00065.466 00053.158 00029.747 00050.074 00135.608 00034.673 00037.610 00026.483 00073.343 00030.363 00069.890 00078.646 00101.654 00157.204 00036.557 00197.446 00373.108 00140.464 00026.030 00522.857 00043.852 00988.903 00305.038 00181.302 00109.894
00078.887 00095.648 00089.294 00087.433 00081.088 00011.646 00012.636 00013.321 00013.531 00008.130 00109.905 00101.359 00049.077 00232.873 00118.895 00044.191 00077.702 00063.152 00061.501 00056.007 00066.380 00062.934 00094.532 00098.160 00074.362 00036.134 00012.562 00010.868 00053.828 00125.818 00039.053 00019.198 00218.775 00245.508 00057.069 00057.048 00037.673 00007.690 00030.632 00147.673 00040.941 00200.999 00129.157 00051.923 00042.302 00164.564 00034.124 00062.189 00068.120 00094.249 00244.408 00112.210 00050.623 00172.857 00115.042 00049.427 00096.796 00095.598 00070.382 00060.684 00008.809 00207.534
00075.717 00074.449 00082.648 00072.556 00055.948 00006.193 00006.831 00008.266 00010.606 00074.494 00075.737 00083.492 00087.346 00019.797 00010.686 00022.650 00075.539 00059.716 00059.043 00062.954 00052.184 00070.247 00057.125 00087.004 00072.642 00059.628 00084.779 00212.770 00014.074 00198.559 00020.565 00101.066 00185.552 00155.128 00140.228 00012.020 00029.273 00047.051 00264.027 00131.120 00128.243 00156.130 00112.095 00102.341 00078.305 00099.915 00214.460 00153.462 00056.842 00071.659 00134.141 00094.990 00096.238 00039.836 00066.297 00063.353 00067.174 00064.419 00051.646 00007.250 00009.651 00260.994
00070.950 00071.448 00072.448 00064.940 00028.027 00066.678 00058.811 00053.700 00079.321 00071.992 00076.742 00076.377 00076.106 00076.241 00092.729 00041.681 00016.226 00053.673 00055.630 00054.071 00055.248 00059.316 00045.247 00072.905 00054.708 00047.180 00098.804 00110.479 00023.955 00126.707 00014.865 00095.088 00059.095 00180.920 00099.304 00018.116 00024.989 00042.694 00195.017 00127.464 00069.583 00204.676 00126.075 00090.693 00066.238 00080.177 00066.605 00035.019 00039.055 00050.973 00055.275 00065.252 00039.928 00034.594 00026.832 00027.095 00198.047 00002.843 00006.798 00194.143 00043.724 00413.933
00066.212 00074.418 00073.484 00056.949 00066.448 00048.584 00041.109 00049.387 00050.851 00059.396 00076.037 00060.962 00057.583 00053.332 00072.373 00068.789 00033.032 00029.285 00054.051 00051.698 00047.596 00064.321 00046.999 00062.057 00069.682 00087.129 00137.649 00127.311 00116.635 00065.853 00165.310 00181.537 00162.859 00029.624 00048.812 00062.350 00082.083 00027.025 00027.555 00040.718 00023.455 00108.515 00026.356 00006.434 00004.967 00023.789 00049.730 00047.179 00031.978 00031.887 00033.377 00038.482 00013.769 00006.236 00805.931 00206.724 00624.711 00009.385 00133.561 00157.627 00299.508 00316.634
00038.739 00069.568 00057.966 00045.771 00043.383 00042.134 00040.200 00053.462 00064.994 00059.394 00057.545 00053.017 00054.372 00053.573 00046.486 00062.416 00065.170 00017.312 00048.894 00043.228 00058.070 00053.841 00044.070 00061.659 00093.432 00067.685 00090.218 00085.526 00072.911 00051.930 00156.926 00154.177 00084.658 00006.489 00032.996 00104.548 00058.564 00023.071 00029.523 00018.965 00091.033 00133.769 00007.198 00009.587 00034.117 00017.062 00040.304 00031.944 00028.829 00031.794 00038.107 00029.214 00006.805 01084.336 00017.217 00013.648 00360.473 00131.234 00193.087 00514.776 00291.483 00171.659
00039.221 00051.500 00053.957 00056.524 00039.536 00043.992 00038.157 00049.734 00063.664 00064.424 00059.583 00059.960 00063.484 00058.435 00050.861 00041.108 00041.375 00004.582 00038.648 00031.049 00057.040 00028.720 00051.863 00035.583 00066.767 00085.042 00092.746 00083.012 00035.723 00030.768 00077.879 00148.916 00063.932 00012.763 00043.241 00032.768 00017.638 00082.998 00029.256 00030.598 00008.426 00005.808 00040.451 00007.115 00096.768 00029.601 00112.817 00009.672 00007.663 00002.782 00003.395 00009.340 00008.647 02075.694 01288.122 00307.195 00674.954 00276.959 00384.735 00245.503 00071.556 00070.554
00029.816 00043.688 00072.695 00069.028 00064.186 00049.073 00032.499 00047.330 00059.060 00065.878 00078.490 00081.122 00092.436 00083.712 00065.645 00045.096 00046.765 00054.463 00021.163 00009.486 00022.861 00057.366 00007.294 00019.413 00086.489 00090.073 00042.497 00005.733 00008.100 00007.141 00082.961 00075.075 00025.940 00010.531 00008.408 00011.279 00032.393 00054.068 00039.605 00023.861 00006.082 00010.385 00010.332 00009.888 00011.269 00010.269 00009.025 00008.839 00007.445 00008.207 00009.276 00120.795 00762.045 00966.758 00516.927 00454.203 00172.948 00150.957 00296.534 00048.474 00045.964 00914.137
00024.311 00080.181 00074.201 00063.154 00064.296 00053.110 00054.121 00052.183 00074.117 00084.856 00089.039 00088.854 00098.360 00079.082 00046.960 00054.224 00047.234 00067.946 00081.256 00052.223 00083.083 00032.669 00023.787 00006.919 00005.704 00005.563 00012.358 00062.556 00005.277 00020.411 00061.133 00058.540 00043.177 00055.104 00102.277 00009.861 00076.602 00007.409 00005.705 00008.069 00011.145 00009.450 00007.647 00008.736 00008.034 00116.099 00278.488 00301.002 00008.619 00010.396 00513.208 00243.757 00595.660 00288.239 00201.095 00093.793 00116.069 00216.567 00201.143 00039.542 00010.170 00203.108
00042.789 00066.795 00063.389 00047.017 00048.737 00055.905 00053.712 00054.148 00079.514 00101.644 00102.920 00118.504 00096.038 00062.544 00081.450 00089.173 00067.911 00173.037 00323.609 00297.932 00073.030 00107.936 00099.894 00081.005 00055.602 00081.208 00087.999 00098.877 00052.019 00041.527 00058.203 00055.982 00056.876 00068.875 00094.903 00063.900 00066.897 00049.003 00007.011 00035.868 00078.042 00195.854 00013.949 00186.281 00229.998 00056.136 00116.691 00251.227 00191.547 00009.942 00116.483 00175.581 00330.195 00178.344 00110.694 00133.630 00132.172 00129.239 00611.956 00006.156 04776.030 03234.567
00037.401 00062.407 00036.421 00045.753 00053.109 00084.780 00070.937 00061.575 00083.356 00092.155 00101.839 00126.927 00101.845 00088.718 00086.019 00082.707 00117.791 00200.987 00278.149 00015.247 00077.997 00076.012 00098.958 00096.582 00082.167 00085.995 00087.476 00083.928 00073.143 00049.296 00057.866 00074.020 00088.996 00072.328 00066.037 00050.754 00037.550 00045.923 00005.786 00048.117 00105.770 00115.193 00176.358 00226.715 00205.049 00119.551 00065.736 00147.510 00081.422 00013.439 00105.803 00376.228 00153.461 00099.297 00077.975 00065.308 00045.686 00088.357 00005.365 07578.799 02997.337 01126.957
00033.443 00051.242 00052.307 00037.776 00059.684 00068.375 00065.101 00066.050 00080.831 00101.299 00125.096 00106.223 00081.207 00086.963 00092.330 00077.174 00070.921 00134.875 00383.568 00009.505 00062.723 00081.965 00115.048 00110.990 00117.405 00153.725 00093.732 00080.301 00056.992 00036.926 00075.710 00099.272 00078.361 00054.418 00043.428 00046.484 00028.297 00045.079 00034.041 00063.253 00058.024 00048.752 00093.633 00201.131 00116.238 00020.450 00213.732 00097.426 00079.689 00049.585 00079.528 00095.069 00074.850 00075.901 00003.498 00014.344 00032.601 00046.984 00006.714 02575.067 01252.867 00005.913
00052.508 00055.289 00083.356 00054.449 00050.507 00057.526 00063.846 00079.487 00088.167 00109.841 00106.511 00090.396 00090.435 00082.041 00086.949 00064.549 00070.053 00053.302 00101.311 00062.646 00043.941 00095.426 00104.990 00097.751 00104.265 00113.618 00087.072 00083.335 00037.174 00090.601 00106.794 00122.728 00059.798 00042.030 00026.128 00023.487 00037.921 00038.917 00045.351 00046.882 00033.061 00022.175 00093.714 00026.152 00025.811 00117.353 00105.062 00073.100 00072.829 00054.838 00051.115 00050.909 00018.777 00039.407 00009.289 00006.672 00002.876 02915.403 02472.932 00815.027 00549.982 03574.536
00056.581 00071.046 00096.777 00083.489 00046.643 00052.796 00066.049 00083.412 00103.097 00109.052 00085.986 00077.323 00104.799 00054.612 00078.409 00011.858 00010.987 00010.025 00007.217 00005.903 00040.614 00109.885 00094.947 00083.840 00077.952 00061.248 00048.920 00053.487 00050.257 00104.835 00098.361 00100.621 00055.772 00039.768 00052.293 00071.953 00060.397 00085.331 00081.245 00084.097 00235.618 00021.933 00027.598 00027.187 00070.972 00101.525 00080.027 00045.621 00103.340 00107.102 00083.725 00090.656 00094.626 00094.103 00055.760 00007.843 00006.769 02001.983 01960.379 00254.862 00771.588 00199.986
