TestFarsite/SampleData/Outputs/test_Intensity.asc
NCOLS 401
NROWS 476
XLLCORNER -5994.000000
YLLCORNER -7142.000000
CELLSIZE 30.000000
NODATA_VALUE -9999.0
[rows 336 to 363 of 476, columns 62 to 123 of 401]
-9999.0 -9999.0 -9999.0 -9999.0 00013.932 00029.497 00045.579 00006.126 00002.125 00014.167 00032.250 00035.071 00037.105 00063.397 00073.379 00097.936 00093.140 00061.645 00040.726 00048.369 00042.632 00041.374 00038.570 00039.099 00048.803 00041.732 00031.473 00021.906 00022.521 00025.857 00024.237 00024.777 00025.125 00027.732 00030.304 00040.726 00038.276 00050.306 00061.467 00061.190 00054.751 00050.449 00069.947 00074.663 00107.202 00058.607 00063.697 00037.004 00032.590 00044.387 00044.950 00045.576 00035.171 00036.157 00036.214 00043.214 00038.916 00036.475 00036.404 00039.403 00032.351 00031.297
-9999.0 -9999.0 -9999.0 -9999.0 -9999.0 -9999.0 00016.705 00012.079 00044.221 00003.302 00022.234 00031.806 00033.468 00050.214 00060.180 00085.097 00071.931 00057.533 00045.213 00043.445 00039.001 00035.011 00035.623 00038.154 00041.891 00045.142 00033.201 00032.550 00030.078 00042.318 00033.354 00027.807 00022.727 00026.141 00030.920 00031.352 00047.609 00052.737 00050.828 00047.136 00048.993 00057.478 00066.057 00073.386 00059.788 00048.170 00043.335 00041.626 00036.203 00040.425 00045.491 00049.854 00052.236 00015.677 00002.887 00002.493 00003.448 00008.210 00009.074 00019.089 00023.851 00021.979
-9999.0 -9999.0 -9999.0 -9999.0 -9999.0 -9999.0 -9999.0 00026.797 00036.503 00041.166 00011.299 00028.297 00032.798 00036.498 00043.891 00053.848 00063.644 00050.868 00046.430 00045.378 00042.555 00040.204 00042.467 00039.009 00036.678 00040.075 00037.319 00036.305 00039.660 00045.666 00036.256 00033.828 00033.434 00033.824 00038.094 00039.420 00036.651 00038.477 00040.352 00041.833 00043.204 00051.106 00052.284 00046.689 00044.008 00039.475 00038.114 00029.819 00034.097 00035.470 00036.832 00049.546 00049.738 00006.842 00005.319 00069.596 00068.552 00030.367 00046.912 00005.918 00029.256 00017.993
-9999.0 -9999.0 -9999.0 -9999.0 -9999.0 -9999.0 -9999.0 -9999.0 00032.576 00033.861 00029.558 00010.597 00023.793 00027.257 00028.940 00040.365 00049.937 00046.138 00038.044 00048.093 00051.694 00050.142 00064.884 00042.897 00046.136 00037.684 00037.160 00035.347 00034.338 00034.378 00041.919 00051.540 00041.357 00041.070 00037.477 00038.501 00040.904 00041.082 00049.675 00046.123 00037.605 00044.023 00042.285 00043.827 00043.023 00083.138 00073.852 00027.974 00032.916 00032.698 00034.454 00035.511 00036.618 00032.710 00047.977 00066.428 00057.513 00040.124 00042.358 00014.621 00055.137 00051.388
-9999.0 -9999.0 -9999.0 -9999.0 -9999.0 -9999.0 -9999.0 -9999.0 00031.634 00032.149 00032.421 00032.560 00021.802 00009.854 00003.111 00032.425 00039.944 00036.182 00040.993 00041.717 00045.638 00050.742 00065.394 00041.643 00043.702 00040.044 00040.116 00033.377 00034.407 00035.387 00038.271 00038.717 00050.370 00048.785 00045.367 00037.789 00040.083 00041.392 00041.457 00039.479 00036.402 00039.821 00047.851 00059.639 00063.420 00066.944 00063.315 00029.495 00026.122 00030.358 00030.550 00027.828 00025.145 00029.261 00032.396 00038.658 00031.952 00035.281 00039.702 00032.020 00052.878 00053.749
-9999.0 -9999.0 -9999.0 -9999.0 -9999.0 -9999.0 -9999.0 -9999.0 -9999.0 00029.409 00031.408 00032.415 00033.305 00039.656 00003.971 00006.067 00034.481 00037.790 00039.315 00035.222 00035.561 00041.786 00050.491 00037.834 00035.386 00038.888 00040.012 00038.977 00036.762 00050.123 00039.939 00049.982 00061.784 00055.374 00044.201 00091.537 00032.227 00033.639 00037.476 00034.752 00031.749 00039.999 00046.509 00043.085 00046.141 00047.853 00051.478 00047.185 00047.238 00028.844 00022.017 00030.714 00039.168 00022.044 00021.512 00025.065 00030.372 00027.081 00030.188 00043.423 00052.884 00065.697
-9999.0 -9999.0 -9999.0 -9999.0 -9999.0 -9999.0 -9999.0 -9999.0 -9999.0 00016.749 00005.291 00031.171 00032.137 00036.625 00042.716 00004.161 00002.858 00032.338 00031.579 00032.048 00033.483 00041.409 00039.699 00035.347 00037.835 00040.415 00039.943 00040.887 00045.341 00052.948 00036.401 00044.927 00062.451 00077.004 00099.518 00107.120 00089.509 00094.499 00080.627 00068.868 00030.659 00033.329 00034.808 00032.031 00033.515 00038.560 00048.624 00043.246 00041.616 00034.911 00030.788 00038.771 00035.764 00035.788 00032.957 00020.932 00024.332 00025.319 00025.172 00048.423 00053.999 00066.446
-9999.0 -9999.0 -9999.0 -9999.0 -9999.0 -9999.0 -9999.0 -9999.0 -9999.0 -9999.0 -9999.0 00009.830 00032.229 00036.756 00040.316 00036.667 00002.787 00002.352 00002.450 00016.555 00031.185 00033.973 00030.630 00031.445 00036.373 00039.650 00040.566 00040.176 00040.230 00037.818 00033.499 00037.365 00055.552 00066.685 00070.432 00074.243 00087.690 00088.260 00080.668 00080.085 00077.799 00033.541 00025.620 00022.053 00022.168 00023.318 00026.373 00034.659 00032.882 00030.868 00030.993 00042.865 00041.303 00038.455 00031.595 00022.161 00022.311 00023.133 00035.233 00035.835 00054.919 00076.567
-9999.0 -9999.0 -9999.0 -9999.0 -9999.0 -9999.0 -9999.0 -9999.0 -9999.0 -9999.0 -9999.0 -9999.0 00012.931 00034.259 00036.005 00031.335 00032.348 00004.157 00002.791 00002.462 00002.316 00011.043 00022.726 00029.868 00032.720 00034.264 00037.697 00040.493 00047.468 00038.892 00031.683 00034.220 00040.223 00046.447 00047.031 00056.025 00068.883 00069.510 00067.859 00071.564 00069.344 00045.952 00038.579 00032.785 00026.117 00032.338 00031.792 00022.992 00025.006 00027.143 00034.753 00043.888 00044.911 00039.356 00039.934 00035.234 00031.284 00032.184 00034.108 00042.864 00052.559 00064.528
-9999.0 -9999.0 -9999.0 -9999.0 -9999.0 -9999.0 -9999.0 -9999.0 -9999.0 -9999.0 -9999.0 -9999.0 -9999.0 00030.097 00031.662 00032.356 00029.212 00037.216 00030.149 00025.560 00003.934 00002.693 00006.306 00021.698 00019.128 00031.663 00035.206 00038.737 00040.606 00031.984 00030.830 00031.867 00032.367 00035.413 00040.606 00045.793 00049.960 00045.685 00053.908 00058.555 00061.977 00041.533 00039.641 00025.664 00048.168 00057.410 00036.098 00030.268 00025.311 00024.904 00039.874 00045.636 00043.675 00051.271 00038.460 00035.562 00035.614 00033.380 00031.020 00039.492 00045.678 00042.976
-9999.0 -9999.0 -9999.0 -9999.0 -9999.0 -9999.0 -9999.0 -9999.0 -9999.0 -9999.0 -9999.0 -9999.0 -9999.0 -9999.0 00027.991 00028.649 00030.728 00030.942 00031.042 00028.702 00013.358 00051.336 00049.653 00004.093 00002.623 00008.216 00034.426 00043.400 00037.235 00023.358 00027.457 00029.153 00030.959 00032.135 00032.765 00033.580 00039.008 00041.917 00047.261 00053.337 00056.061 00034.978 00035.754 00023.823 00045.431 00038.366 00032.113 00033.717 00035.390 00037.272 00032.068 00037.769 00043.088 00061.144 00037.293 00032.507 00032.749 00034.192 00028.769 00029.168 00034.165 00047.795
-9999.0 -9999.0 -9999.0 -9999.0 -9999.0 -9999.0 -9999.0 -9999.0 -9999.0 -9999.0 -9999.0 -9999.0 -9999.0 -9999.0 -9999.0 00027.159 00027.031 00029.077 00028.579 00039.879 00033.872 00041.569 00044.739 00013.027 00021.374 00002.563 00035.732 00036.415 00028.535 00032.757 00020.388 00021.892 00022.771 00027.058 00031.291 00029.098 00030.232 00032.704 00032.027 00024.293 00024.793 00031.902 00026.645 00033.999 00034.657 00037.166 00028.539 00037.839 00039.324 00040.261 00040.969 00041.285 00046.813 00071.004 00059.619 00064.628 00031.458 00033.206 00035.105 00037.830 00041.140 00035.740
-9999.0 -9999.0 -9999.0 -9999.0 -9999.0 -9999.0 -9999.0 -9999.0 -9999.0 -9999.0 -9999.0 -9999.0 -9999.0 -9999.0 -9999.0 00011.301 00021.088 00027.877 00021.973 00032.373 00037.551 00036.087 00038.023 00036.923 00018.702 00003.825 00008.324 00023.745 00025.841 00032.104 00029.502 00030.605 00031.606 00028.778 00021.793 00027.569 00022.966 00023.688 00025.553 00030.767 00027.282 00030.726 00032.954 00030.146 00032.285 00034.337 00029.519 00031.196 00031.991 00006.903 00034.405 00043.172 00062.296 00082.215 00083.513 00084.579 00059.488 00030.414 00031.333 00033.965 00037.971 00033.605
-9999.0 -9999.0 -9999.0 -9999.0 -9999.0 -9999.0 -9999.0 -9999.0 -9999.0 -9999.0 -9999.0 -9999.0 -9999.0 -9999.0 -9999.0 -9999.0 00034.453 00030.808 00023.618 00023.520 00030.848 00034.841 00032.952 00035.578 00036.830 00031.414 00002.483 00020.768 00031.978 00035.024 00031.883 00032.315 00035.052 00035.143 00029.414 00020.700 00021.085 00026.118 00035.097 00042.915 00036.397 00033.196 00044.252 00035.946 00040.320 00037.727 00033.855 00039.285 00050.402 00064.545 00048.198 00056.828 00065.636 00079.258 00086.040 00066.249 00066.310 00063.571 00065.326 00059.942 00060.593 00052.401
-9999.0 -9999.0 -9999.0 -9999.0 -9999.0 -9999.0 -9999.0 -9999.0 -9999.0 -9999.0 -9999.0 -9999.0 -9999.0 -9999.0 -9999.0 -9999.0 00012.611 00030.838 00037.860 00021.091 00023.303 00027.621 00028.908 00029.370 00032.766 00029.472 00030.054 00008.839 00009.183 00030.685 00032.382 00032.055 00032.927 00032.842 00032.220 00030.498 00029.326 00028.591 00036.792 00042.337 00053.744 00062.075 00088.207 00077.810 00080.904 00041.457 00041.881 00046.061 00054.785 00064.262 00066.410 00063.909 00072.491 00062.073 00074.688 00056.818 00092.392 00091.366 00077.707 00070.430 00067.377 00066.699
-9999.0 -9999.0 -9999.0 -9999.0 -9999.0 -9999.0 -9999.0 -9999.0 -9999.0 -9999.0 -9999.0 -9999.0 -9999.0 -9999.0 -9999.0 -9999.0 00033.487 00031.396 00030.322 00029.139 00032.452 00020.437 00021.938 00025.351 00027.194 00029.908 00022.986 00002.198 00024.070 00028.547 00028.146 00028.162 00029.251 00030.977 00032.328 00032.798 00032.837 00035.005 00032.197 00043.142 00043.711 00039.735 00075.494 00079.735 00075.467 00049.933 00046.877 00050.258 00052.383 00014.544 00025.618 00044.330 00069.645 00072.725 00056.956 00111.583 00150.115 00086.653 00099.250 00074.250 00061.729 00070.647
-9999.0 -9999.0 -9999.0 -9999.0 -9999.0 -9999.0 -9999.0 -9999.0 -9999.0 -9999.0 -9999.0 -9999.0 -9999.0 -9999.0 -9999.0 -9999.0 -9999.0 00030.942 00031.436 00030.510 00030.383 00028.851 00029.276 00029.481 00035.306 00028.402 00022.157 00028.610 00022.480 00020.865 00020.712 00021.805 00026.390 00028.003 00029.372 00030.321 00031.537 00032.722 00032.844 00031.572 00034.083 00047.055 00064.075 00066.032 00055.014 00067.776 00045.364 00050.076 00056.729 00066.926 00059.127 00054.132 00060.149 00062.501 00080.110 00132.773 00089.337 00087.028 00087.449 00072.493 00050.652 00057.730
-9999.0 -9999.0 -9999.0 -9999.0 -9999.0 -9999.0 -9999.0 -9999.0 -9999.0 -9999.0 -9999.0 -9999.0 -9999.0 -9999.0 -9999.0 -9999.0 -9999.0 00020.130 00031.708 00029.554 00031.260 00030.046 00030.152 00033.601 00031.181 00038.613 00023.861 00021.547 00024.416 00026.130 00029.011 00032.693 00020.047 00021.948 00025.344 00026.209 00027.581 00029.429 00031.350 00033.015 00035.494 00041.899 00051.981 00053.740 00063.815 00066.689 00054.449 00050.020 00041.140 00010.874 00020.256 00051.389 00053.404 00058.439 00071.840 00048.525 00050.035 00050.941 00055.070 00038.892 00039.749 00045.693
-9999.0 -9999.0 -9999.0 -9999.0 -9999.0 -9999.0 -9999.0 -9999.0 -9999.0 -9999.0 -9999.0 -9999.0 -9999.0 -9999.0 -9999.0 -9999.0 -9999.0 00020.041 00028.651 00029.534 00030.092 00042.281 00032.614 00030.702 00033.192 00030.324 00030.506 00034.311 00029.007 00034.927 00031.606 00030.743 00030.229 00032.281 00029.834 00019.633 00021.735 00025.791 00028.185 00031.309 00031.675 00031.811 00043.521 00049.110 00044.584 00047.946 00006.137 00048.069 00057.451 00082.146 00049.857 00039.508 00049.399 00048.652 00042.362 00037.629 00038.054 00035.724 00030.408 00031.983 00035.163 00044.822
-9999.0 -9999.0 -9999.0 -9999.0 -9999.0 -9999.0 -9999.0 -9999.0 -9999.0 -9999.0 -9999.0 -9999.0 -9999.0 -9999.0 -9999.0 -9999.0 -9999.0 00043.466 00040.105 00059.955 00045.192 00035.728 00035.092 00030.763 00035.406 00032.784 00033.221 00035.016 00027.320 00034.322 00042.198 00032.012 00031.515 00029.228 00026.112 00028.626 00030.775 00021.302 00025.567 00025.545 00034.785 00034.074 00040.562 00037.083 00037.627 00023.676 00028.867 00020.469 00032.925 00049.211 00049.717 00042.036 00036.265 00042.210 00041.400 00040.069 00039.414 00043.763 00058.884 00032.739 00034.866 00039.411
-9999.0 -9999.0 -9999.0 -9999.0 -9999.0 -9999.0 -9999.0 -9999.0 -9999.0 -9999.0 -9999.0 -9999.0 -9999.0 -9999.0 -9999.0 -9999.0 -9999.0 00030.145 00039.870 00044.376 00036.971 00030.167 00033.112 00034.483 00034.195 00030.742 00030.755 00031.949 00032.173 00038.038 00039.467 00031.557 00034.995 00033.096 00027.112 00035.627 00030.838 00039.625 00023.315 00017.040 00029.379 00032.670 00033.069 00037.868 00048.031 00053.327 00063.795 00043.166 00037.365 00038.779 00041.291 00004.135 00022.576 00031.063 00033.229 00036.330 00042.601 00043.260 00046.528 00032.141 00030.639 00030.628
-9999.0 -9999.0 -9999.0 -9999.0 -9999.0 -9999.0 -9999.0 -9999.0 -9999.0 -9999.0 -9999.0 -9999.0 -9999.0 -9999.0 -9999.0 -9999.0 -9999.0 00028.807 00028.457 00036.555 00031.191 00029.841 00027.792 00029.059 00028.487 00025.072 00023.443 00027.037 00030.159 00030.261 00029.642 00027.445 00029.578 00031.093 00036.973 00009.857 00025.991 00031.908 00034.148 00020.726 00024.761 00028.533 00031.467 00032.978 00034.262 00035.908 00036.514 00035.872 00036.318 00035.415 00012.520 00054.756 00034.272 00038.398 00037.057 00036.968 00032.398 00035.143 00054.725 00020.384 00017.156 00016.877
-9999.0 -9999.0 -9999.0 -9999.0 -9999.0 -9999.0 -9999.0 -9999.0 -9999.0 -9999.0 -9999.0 -9999.0 -9999.0 -9999.0 -9999.0 -9999.0 -9999.0 -9999.0 00023.881 00029.711 00030.799 00029.725 00029.463 00029.909 00019.926 -9999.0 00023.916 00022.809 00025.080 00024.467 00019.530 00024.733 00026.405 00027.205 00032.162 00015.320 -9999.0 00002.934 00031.816 00030.201 00023.231 00025.772 00025.251 00028.266 00029.305 00030.401 00031.853 00031.167 00031.858 00033.417 00035.958 00029.644 00035.513 00002.904 00008.708 00030.747 00031.464 00036.457 00045.249 00023.122 00029.222 00029.752
-9999.0 -9999.0 -9999.0 -9999.0 -9999.0 -9999.0 -9999.0 -9999.0 -9999.0 -9999.0 -9999.0 -9999.0 -9999.0 -9999.0 -9999.0 -9999.0 -9999.0 -9999.0 -9999.0 00024.359 00027.362 00024.183 00027.406 00028.806 00020.486 -9999.0 -9999.0 00018.094 00017.170 -9999.0 -9999.0 00019.808 00018.258 00020.530 00022.364 00028.569 00025.495 00003.769 00026.935 00027.981 00034.428 00019.845 00020.691 00022.316 00027.387 00028.335 00032.345 00045.504 00029.347 00029.116 00027.325 00028.155 00021.548 00012.931 00006.821 00026.659 00033.385 00039.677 00024.284 00028.229 00049.999 00026.092
-9999.0 -9999.0 -9999.0 -9999.0 -9999.0 -9999.0 -9999.0 -9999.0 -9999.0 -9999.0 -9999.0 -9999.0 -9999.0 -9999.0 -9999.0 -9999.0 -9999.0 -9999.0 -9999.0 -9999.0 00023.268 00024.211 00022.105 00020.289 -9999.0 -9999.0 -9999.0 -9999.0 -9999.0 -9999.0 -9999.0 -9999.0 -9999.0 -9999.0 -9999.0 00037.094 00031.066 00018.867 00002.470 00002.675 00002.781 00010.017 00027.610 00038.206 00023.154 00027.400 00034.414 00020.688 00019.699 00020.417 00041.818 00019.361 00018.578 00020.379 00016.658 00020.556 00019.769 00022.320 00024.918 00029.547 00041.938 00033.981
-9999.0 -9999.0 -9999.0 -9999.0 -9999.0 -9999.0 -9999.0 -9999.0 -9999.0 -9999.0 -9999.0 -9999.0 -9999.0 -9999.0 -9999.0 -9999.0 -9999.0 -9999.0 -9999.0 -9999.0 -9999.0 00026.534 00022.061 00020.196 -9999.0 -9999.0 -9999.0 -9999.0 -9999.0 -9999.0 -9999.0 -9999.0 -9999.0 -9999.0 -9999.0 00024.561 00021.651 00020.126 00018.228 -9999.0 -9999.0 00003.126 00038.828 00035.434 00022.393 00018.867 00020.755 00017.987 00027.370 00034.225 00034.242 00033.853 00025.938 00024.035 00030.052 00023.888 00032.017 00029.859 00029.274 00033.999 00040.545 00026.789
-9999.0 -9999.0 -9999.0 -9999.0 -9999.0 -9999.0 -9999.0 -9999.0 -9999.0 -9999.0 -9999.0 -9999.0 -9999.0 -9999.0 -9999.0 -9999.0 -9999.0 -9999.0 -9999.0 -9999.0 -9999.0 -9999.0 -9999.0 -9999.0 -9999.0 -9999.0 -9999.0 -9999.0 -9999.0 -9999.0 -9999.0 -9999.0 -9999.0 -9999.0 -9999.0 -9999.0 -9999.0 -9999.0 -9999.0 -9999.0 -9999.0 00003.183 00037.745 00036.224 00039.292 00017.825 00020.092 00031.555 00037.569 00030.010 00038.078 00028.613 00027.447 00028.551 00027.633 00032.323 00037.084 00031.133 00032.632 00036.460 00036.299 00038.431
-9999.0 -9999.0 -9999.0 -9999.0 -9999.0 -9999.0 -9999.0 -9999.0 -9999.0 -9999.0 -9999.0 -9999.0 -9999.0 -9999.0 -9999.0 -9999.0 -9999.0 -9999.0 -9999.0 -9999.0 -9999.0 -9999.0 -9999.0 -9999.0 -9999.0 -9999.0 -9999.0 -9999.0 -9999.0 -9999.0 -9999.0 -9999.0 -9999.0 -9999.0 -9999.0 -9999.0 -9999.0 -9999.0 -9999.0 -9999.0 -9999.0 00003.259 00039.262 00035.553 00033.856 00025.998 00029.348 00040.526 00030.129 00034.157 00032.788 00027.796 00031.465 00033.456 00032.725 00033.779 00041.239 00053.786 00086.450 00040.856 00049.875 00040.766
