TestFarsite/SampleData/Outputs/test_HeatPerUnitArea.asc
NCOLS 401
NROWS 476
XLLCORNER -5994.000000
YLLCORNER -7142.000000
CELLSIZE 30.000000
NODATA_VALUE -9999.0
[rows 196 to 223 of 476, columns 124 to 185 of 401]
06579.232 05464.223 02927.744 02373.882 21348.762 07258.948 04248.571 06958.230 02426.104 02438.368 02431.965 07175.157 02447.295 02454.623 04592.841 02462.174 02466.472 02471.109 02468.165 02464.920 02477.456 02496.442 02463.881 02543.411 02535.512 02530.509 02389.327 02508.600 02496.834 02482.091 02469.683 02463.639 04412.771 02471.758 02464.294 01840.489 02778.382 02447.607 02445.521 02439.753 02333.519 02463.547 02457.743 02454.791 02467.825 02477.595 02482.098 02493.107 02504.324 02523.974 03525.371 02593.026 02617.991 02633.060 02643.012 02630.784 02588.535 02447.964 02418.754 02346.552 02857.770 02582.510
04068.520 03068.595 07308.277 02386.326 27610.434 02412.847 03871.721 02425.432 02444.289 02449.673 02442.152 04973.773 02587.254 02442.011 -9999.0 -9999.0 -9999.0 02471.239 02479.508 02490.379 02417.339 02518.043 02557.183 02556.003 02554.678 02514.995 02508.014 02511.794 02490.348 02476.162 02463.673 02468.142 02471.584 03254.558 03725.861 03682.026 04152.749 02802.653 02450.629 02426.469 02436.537 02445.682 02452.579 02455.519 02468.751 02481.364 02486.156 02487.447 02538.780 02998.520 02580.894 02595.318 02624.173 02640.742 02656.326 02588.137 02626.425 02465.376 02544.349 02514.993 02540.526 02662.154
04416.817 08132.161 08080.491 02392.740 02416.038 02425.974 02427.098 02436.593 02449.567 02453.656 02446.655 02434.489 02425.108 02410.415 -9999.0 -9999.0 -9999.0 02473.606 02487.858 02498.786 02523.263 02562.090 02560.710 02563.166 02544.502 02513.149 02503.067 02497.434 02477.463 02770.689 02465.612 02474.207 04034.149 04120.304 07810.966 07641.354 07729.796 02638.938 02453.422 05212.780 02445.752 02452.135 02454.618 02461.382 02466.136 02469.104 02484.295 02399.164 02546.984 03803.645 02573.363 02597.630 02629.106 02651.990 02667.817 02679.337 02667.715 02456.604 02488.065 02361.073 02399.466 02715.116
04271.091 07989.867 07939.201 02400.819 02425.108 02433.222 02436.031 07070.656 28876.130 02454.373 02446.136 02425.939 02736.580 -9999.0 -9999.0 -9999.0 -9999.0 02481.581 02492.040 02509.675 02253.983 01292.560 02564.202 02570.507 02547.009 02476.756 02501.147 06004.334 02475.372 05430.901 03015.873 05969.906 07995.834 08018.389 07970.916 07897.749 04153.961 03418.234 02376.821 02260.340 02414.671 02452.060 02458.381 02466.426 02459.619 02295.362 02514.462 02515.189 02553.937 02568.717 02580.205 02592.230 02633.985 02662.279 02396.789 02679.554 02647.171 02399.642 02336.118 02614.683 02514.995 02776.148
08006.347 02638.857 02385.533 02394.394 02424.862 10251.430 19676.042 27007.054 30822.749 02454.397 -9999.0 -9999.0 -9999.0 -9999.0 -9999.0 02473.829 -9999.0 02217.541 02394.934 02523.124 02585.010 02381.668 02567.412 02580.404 02477.812 02437.950 02508.576 07999.529 02701.323 06907.425 04476.675 08057.057 02520.591 03913.362 07155.224 08110.218 08074.227 07866.840 07841.375 07801.726 02434.711 02446.012 02454.343 02467.182 02482.752 02437.454 02514.571 02534.854 02557.238 02575.978 02589.044 02585.088 02625.342 02669.929 02073.418 02328.047 02499.083 02423.532 02442.550 02651.623 02682.867 02724.793
07980.657 02721.592 02949.516 02415.523 02421.799 10617.240 21514.054 18960.872 02457.220 03231.955 -9999.0 -9999.0 -9999.0 02463.489 02470.701 02476.784 02448.051 02239.302 02518.147 02562.515 02591.546 02568.731 02603.437 02659.030 02581.189 02518.441 03249.497 08015.791 06531.683 07806.162 07962.122 02515.974 02520.475 02528.060 02534.977 03332.218 03782.761 07824.781 03306.533 04456.167 07786.171 02458.640 03291.829 02243.603 02397.129 02495.452 02512.863 02535.415 02560.224 02582.561 02596.241 02537.281 02382.801 02685.790 01338.967 01581.816 01020.238 02502.595 05249.423 02682.149 02604.892 02570.684
04180.734 07372.057 02429.764 02434.459 02442.604 02435.440 02453.390 02454.572 02641.383 02459.262 02460.215 02460.479 02460.125 02465.671 02471.790 02480.163 02412.702 02272.837 02538.873 02582.923 02687.144 02494.365 02545.285 02679.483 02653.823 02558.270 04699.403 08018.588 07964.393 08038.216 02516.255 02524.646 02563.711 02573.356 02551.506 02518.881 02512.006 04175.895 02482.575 02476.819 02870.166 03788.229 02387.168 02445.493 02468.205 02437.041 02509.460 02533.653 02560.194 02586.186 02601.049 02440.234 01275.509 02704.132 02725.394 02726.418 02629.153 02636.993 03941.286 02595.289 02809.664 02610.552
03126.219 02421.652 02438.708 02442.546 02450.020 02452.030 02453.805 02456.660 02458.477 02460.271 02461.011 02461.850 02462.258 02466.965 02472.917 02481.509 02355.235 02521.102 02465.635 02437.484 02696.455 02702.877 02571.658 02673.503 02656.371 02619.205 02558.502 08090.913 04404.839 03223.199 02525.399 02555.562 02578.767 02634.217 04301.362 02526.143 02631.007 02494.411 02483.049 02479.537 02470.944 07636.958 02980.606 02483.209 02486.628 02451.056 02500.587 02526.454 02559.602 02586.677 02623.051 02536.009 02686.065 02728.321 02739.139 02729.773 02557.057 03788.670 02603.214 02810.144 02823.155 02624.862
04526.964 02438.074 02441.741 02444.791 02449.584 02453.201 02454.984 02456.739 02459.728 02461.289 02462.296 02463.262 02464.124 02467.241 02478.496 02500.130 02516.009 02540.957 02493.959 02697.252 02704.801 02707.410 02658.618 02630.315 02642.832 02638.221 02587.431 02560.262 02583.652 02542.915 02548.243 02582.801 02568.400 02544.372 08205.461 04499.833 02509.260 02347.729 02479.260 02473.888 02464.049 04571.214 04330.050 02481.745 02484.373 02261.140 02490.547 02501.103 02543.021 02580.962 02622.535 02673.804 02721.049 02767.694 02768.961 02709.098 02473.280 02717.353 02808.795 02828.638 02816.004 02791.419
02507.707 02436.500 02442.220 02448.508 02449.764 02453.804 02456.742 02457.643 02462.223 02463.094 02467.647 02469.202 02468.087 02468.583 02494.325 02499.508 02529.704 02584.817 02647.590 02707.737 02707.339 02709.418 02635.840 02611.306 02713.552 02660.204 02873.340 02709.211 02577.273 02542.887 02552.997 02578.213 05733.351 03867.330 02429.359 02525.017 01043.228 01030.863 02221.811 02468.171 02470.666 02475.164 02421.855 02469.445 02487.123 02479.603 02478.112 02481.489 02259.276 02563.745 02584.061 02669.801 02685.354 02777.750 02766.917 01186.162 -9999.0 02644.415 02820.527 02839.555 02640.483 02820.117
02432.476 02434.387 02440.589 02449.165 02451.036 02454.725 02460.025 02459.940 02465.557 02466.698 02470.736 02474.793 02477.249 02439.601 02498.972 02478.601 02490.744 02593.505 02622.280 02715.716 02660.538 02643.709 02628.378 02661.850 03397.140 02669.095 02635.683 06936.808 02727.505 02520.837 02544.934 01614.058 04546.352 02607.943 01247.653 01658.341 01589.210 01030.941 02245.239 02469.143 02471.925 02480.565 02419.360 02293.375 02504.728 02497.393 02489.524 02477.914 02465.134 02453.680 02259.268 02626.861 02552.581 02744.948 02763.255 02788.540 -9999.0 02615.990 02845.803 02841.369 02825.884 02819.249
02434.390 02437.938 02440.888 02448.581 02451.500 02456.572 02462.602 02465.056 02465.540 02474.209 02479.920 02494.898 02495.081 02403.200 02502.611 02319.256 02416.491 02451.734 02459.682 02662.129 02636.248 02596.636 02647.867 02706.883 04464.914 06888.584 03922.688 02610.661 02575.431 02532.193 02467.170 01909.836 03817.357 02497.234 02531.187 02153.716 02355.795 02230.355 02189.155 02474.011 02472.448 02481.261 02494.278 02510.036 02510.379 03336.021 02478.143 02466.813 06794.942 05872.928 02590.733 02231.772 02544.084 02717.337 02725.026 03135.125 -9999.0 02585.727 02846.293 02833.540 02830.436 03382.662
02436.880 02440.036 02443.264 02448.796 02452.916 02457.492 02463.313 02466.070 02466.913 02491.616 02496.084 02500.050 02497.728 02488.864 02468.811 02560.108 02628.763 02649.127 02628.966 02658.815 02656.224 02672.800 02677.826 02703.590 02771.005 03890.426 02666.418 02634.969 03282.182 03207.483 02288.753 02799.985 02570.416 02497.186 02456.535 02464.727 02493.138 02237.306 02243.466 02470.309 02421.189 02479.481 02523.198 02516.131 02509.584 06436.816 04875.066 07201.784 05042.223 02291.861 02312.369 02319.949 02252.676 02642.715 02603.534 04011.909 02607.934 01296.388 02736.038 02843.348 02621.120 03786.069
02436.988 02442.811 02446.694 02449.384 02453.136 02461.687 02464.444 02469.203 02486.048 02497.211 02497.825 02506.818 02498.614 02488.130 02413.920 02572.004 02626.295 02684.071 02688.444 02634.455 02676.967 02702.811 02667.104 02748.946 02773.501 02721.775 02672.857 02583.882 06971.379 04402.982 02281.743 02588.166 02839.110 02481.910 02475.446 02497.890 02464.932 02335.427 02274.524 02409.410 03156.675 02800.632 02656.494 02611.295 03601.721 07888.601 07971.094 08025.269 07961.478 02214.700 02231.845 05833.144 01040.067 01452.734 02227.743 01982.023 02656.906 05139.966 02741.964 02838.021 02652.605 02850.555
02435.584 02443.059 02449.119 02451.442 02453.283 02464.856 02471.952 02477.046 02500.820 02517.756 02504.337 02500.939 02441.342 02337.013 02525.626 02562.210 02579.611 02614.248 02649.379 02635.010 02740.618 02774.140 02805.750 02773.939 02754.563 02732.306 02755.261 02623.935 08054.387 05899.333 02306.731 03224.092 07526.571 02507.249 02503.326 02364.769 02362.999 02441.270 02512.313 02501.327 02473.829 06818.572 06097.967 08209.949 08115.634 08078.565 08119.791 08153.937 08166.310 08131.977 07211.261 04972.872 02028.463 01991.647 13435.365 02668.488 03830.809 03624.711 02850.256 02632.716 02586.380 02850.395
02436.631 02442.049 02450.114 02453.302 02458.591 02465.526 02472.753 02474.727 02512.422 02534.554 02512.647 02547.161 02400.255 02531.973 02552.698 02569.763 02540.950 02525.397 02770.209 02737.275 02816.792 02828.982 02831.527 02766.425 02698.534 02697.039 03576.491 03279.871 08267.381 06932.056 02591.937 02499.629 02269.239 01418.866 01724.897 02660.113 02524.632 02532.745 02490.478 02488.925 07801.405 07921.580 08176.768 03267.001 06779.715 08240.862 08315.864 08345.071 07349.679 04139.981 02544.998 01047.646 01822.206 07918.131 10340.124 06481.663 03538.966 02239.480 02824.954 02578.512 02594.284 02774.859
02438.116 02443.135 02450.878 02458.548 02464.849 02472.802 02479.749 02456.822 02526.002 02540.871 02538.018 02570.870 02574.983 02569.620 02560.422 02559.543 02603.388 02743.516 02776.327 02785.930 02819.663 02834.495 02836.496 02636.395 02787.849 02791.305 07522.616 08317.451 08300.278 02577.389 02612.261 02367.205 03174.166 06766.795 05375.666 03107.031 02538.780 03853.658 04965.559 02486.203 02235.923 07568.540 08337.191 02567.847 02590.425 07097.775 03758.197 05391.674 08301.539 08281.417 02756.567 01421.549 02374.869 09356.263 08892.313 05010.806 03584.645 01420.855 02595.218 02628.202 02833.110 02800.184
02437.589 02448.706 02453.108 02463.376 02472.198 02478.105 02486.732 02505.166 02525.963 02545.717 02545.596 02561.538 02586.604 02560.136 02546.623 02555.165 02597.902 02706.794 02783.336 02805.055 02813.039 02836.345 02836.125 02657.030 02781.564 02912.994 08437.396 08405.879 02604.149 02734.983 02768.158 02516.308 07847.146 08294.545 08279.863 02544.293 06100.210 06701.603 08171.371 08274.568 08231.772 02578.462 02572.126 02638.577 02656.754 02611.899 02600.751 08541.730 05241.137 08129.368 01062.077 02138.698 05289.026 10898.899 12614.389 04971.562 01609.765 02673.758 02683.413 02725.422 01988.005 02842.015
02435.752 02447.137 02456.917 02465.833 02476.527 02479.966 02488.188 02505.861 02522.993 02542.445 02548.430 02568.456 02582.112 02585.156 02571.410 02574.484 02585.204 02638.213 02760.733 02798.734 02801.676 02833.685 02832.158 02835.184 02806.870 02751.539 08396.459 05723.356 02619.901 02751.064 02718.781 02636.696 02617.303 05339.011 03496.548 02619.811 02888.207 08244.347 02574.528 03352.713 02598.750 02595.310 02601.076 02636.513 02613.313 05873.935 15123.059 10535.087 05250.095 02263.792 02290.364 02301.171 04806.739 12291.609 09262.743 04988.067 03970.000 02647.412 02929.516 01649.400 02665.848 01484.920
02426.922 02438.426 02430.598 02467.408 02478.261 02484.957 02493.686 02497.498 02508.863 02557.338 02548.687 02533.954 02591.607 02616.284 02632.908 02626.590 02352.972 02275.793 02549.064 02784.118 02818.423 02828.384 02823.550 02794.317 02831.225 08530.694 08389.260 02502.012 02836.475 02836.480 02835.352 02637.883 02678.667 02673.206 02677.971 02588.290 07978.130 06989.349 02599.324 02597.316 02607.664 02600.443 02658.578 02704.847 06051.394 09265.218 12892.319 32443.296 13165.035 02334.803 17782.686 02320.533 02861.871 08837.193 05464.733 03358.848 03796.466 01621.904 01558.739 02950.768 02626.185 02599.662
02412.113 02392.135 02181.505 02957.850 02479.523 02488.762 02502.708 02474.504 02513.066 02555.556 02575.549 02538.632 02540.540 02631.536 02634.766 02640.346 02660.073 02375.032 02660.459 02799.408 02656.709 02835.742 02835.737 02818.213 02655.557 02739.964 08072.644 02836.398 02836.351 02836.449 02836.662 02656.058 02698.617 02802.479 02800.985 02799.258 08257.249 02785.655 02568.107 02628.074 02668.250 02683.992 02745.984 02726.952 04821.264 07933.686 08320.778 02787.966 20513.377 26999.466 02385.692 02381.589 09567.370 12622.405 03043.654 02714.615 04442.790 01762.153 02604.437 02614.831 02675.798 02710.466
03024.310 02407.435 02465.819 03338.032 02484.321 02496.124 02508.858 02393.801 02517.915 02566.364 02589.457 02568.769 02637.129 02650.160 02617.988 02613.860 02634.114 02749.496 02791.642 02680.459 02835.685 02823.401 02827.765 02834.973 02835.307 02654.815 02599.772 02836.247 02836.265 02836.437 02836.702 02811.976 02682.012 02766.379 02555.814 06093.607 07525.066 02605.746 02639.849 02719.707 02630.386 02624.980 02764.437 02736.656 02716.223 04906.317 11620.816 06490.523 03761.698 16984.705 06557.259 07704.301 06257.413 09972.868 02363.275 04222.326 02656.276 05242.919 02743.211 02516.378 02658.316 02697.050
06095.936 02455.800 02470.760 02481.246 02491.638 02501.553 02508.666 02530.992 02524.534 02536.040 02599.514 02614.518 02654.496 02629.206 02674.544 02714.011 03417.398 02759.265 02804.532 02835.740 02835.524 02722.088 02835.153 02835.289 02834.367 02829.274 02786.228 02834.782 02836.246 02836.492 02836.884 02781.654 02663.402 02716.994 02666.060 02970.925 03157.944 02609.971 03540.505 02925.329 02800.379 02792.475 02631.951 02743.303 02719.492 10454.496 21553.069 06553.891 03501.255 18262.923 06481.767 05016.720 08264.744 07444.568 02868.157 06187.250 02623.514 03788.906 03561.085 01488.066 02750.075 02703.617
06911.644 02457.682 02476.191 02483.639 02500.337 02505.261 02529.316 02551.252 02538.960 02553.194 02606.055 02621.407 02618.538 02633.558 02648.863 02656.038 05561.932 02705.250 02820.252 02835.413 02835.337 02834.945 02835.054 02835.094 02834.903 02835.016 02654.933 02835.993 02836.361 02836.725 02831.128 02834.134 02818.989 02668.344 02686.115 05509.009 04404.226 02874.382 08144.784 02721.076 02748.290 02789.094 02812.334 02767.633 02692.547 02623.758 14975.708 02438.006 10260.939 07126.867 05548.660 29249.578 06232.456 09220.145 10156.364 07020.554 02843.098 04114.496 02858.933 02793.329 02754.157 02804.259
03675.067 02460.339 02477.447 02494.429 02504.519 02508.597 02524.237 02553.511 02557.686 02597.842 02644.631 02634.431 02715.947 02751.285 02765.643 02887.041 03856.212 02716.434 02794.433 02832.990 02835.163 02834.984 02834.982 02834.890 02834.834 02834.950 02835.205 02827.339 02836.793 02831.136 02836.883 02836.912 02833.014 02805.770 02650.720 08501.890 05868.963 02706.467 02674.691 02691.043 02709.342 02767.801 02833.337 02753.241 02654.632 03697.737 07533.096 05324.122 28865.167 07628.029 18373.008 18640.729 27072.500 18444.606 16440.012 06888.565 02767.286 03141.289 02656.603 02630.478 02766.882 02712.189
02448.206 02466.241 02484.331 02501.872 02516.492 02519.227 02522.555 02575.057 02602.465 02637.361 02657.982 02645.738 02733.070 02799.649 02746.447 08437.151 08446.470 02604.021 02709.004 02829.128 02834.966 02834.786 02834.963 02829.806 02834.799 02834.771 02652.680 02653.622 02657.575 02723.286 02831.314 02829.215 02812.857 02754.687 02708.001 02665.035 02833.800 02764.200 02710.527 02773.810 02816.400 02754.997 02833.875 02841.650 02752.016 02753.677 02731.064 05791.590 42164.639 12808.600 27660.086 26976.030 30516.950 23227.981 11325.606 10089.295 05651.194 03183.390 02219.115 02817.058 02805.452 02785.888
03114.764 04689.896 02485.488 02505.684 02531.412 02548.327 02546.806 02602.280 02620.529 02614.454 02612.751 02626.067 02690.737 02749.157 02748.872 02732.793 02759.490 02730.186 02697.990 02820.254 02834.354 02816.307 02720.307 02832.550 02832.783 02654.680 02677.449 02796.480 02825.088 02836.463 02816.989 02790.898 02819.823 02720.623 02726.614 02706.084 02760.888 02759.459 02742.212 02782.895 02812.972 02825.788 02843.188 02840.895 02789.462 02755.594 02756.750 04710.994 05083.081 20842.450 19847.428 29455.518 28574.137 16557.768 16232.900 15117.149 06672.792 03278.466 02455.356 02811.362 02797.475 02786.439
07473.816 05304.052 02482.740 02504.031 02523.184 02545.252 02538.972 02611.868 02594.619 02604.083 02628.297 02645.035 02729.437 02790.092 02759.313 02735.118 02811.494 02772.436 02707.015 02802.439 02834.388 02724.903 02833.682 02813.369 02829.964 02814.919 02791.741 02656.326 02803.159 02818.677 02738.312 02798.673 02776.394 02818.487 02811.370 02683.489 02741.469 02780.385 02816.929 03785.088 02819.240 02765.019 02762.507 02794.253 02829.006 02793.783 04491.819 03372.825 06177.290 12653.394 34654.042 37540.075 19981.564 09462.462 10970.508 09722.521 04294.121 03339.910 02817.531 02805.269 03658.759 02789.649
