TestFarsite/SampleData/Outputs/test_Intensity.asc
NCOLS 401
NROWS 476
XLLCORNER -5994.000000
YLLCORNER -7142.000000
CELLSIZE 30.000000
NODATA_VALUE -9999.0
[rows 112 to 139 of 476, columns 186 to 247 of 401]
00073.855 00075.595 00081.407 00100.797 00151.101 00185.315 00095.260 00093.667 00325.190 00420.599 00478.559 00460.370 00363.067 00282.474 00158.597 00170.883 00140.359 00131.643 00123.471 00078.945 00163.687 00148.095 00098.818 00073.503 00077.623 00009.986 00149.571 00317.925 -9999.0 -9999.0 00045.967 00511.854 00296.782 00155.510 00128.235 00107.666 00055.100 00026.826 00026.798 00023.731 -9999.0 -9999.0 -9999.0 -9999.0 -9999.0 -9999.0 -9999.0 -9999.0 -9999.0 -9999.0 -9999.0 -9999.0 00036.106 -9999.0 -9999.0 -9999.0 -9999.0 -9999.0 -9999.0 -9999.0 -9999.0 -9999.0
00055.554 00061.334 00079.416 00071.226 00138.956 00141.393 00172.276 00279.164 00377.144 00451.987 00354.683 00383.431 00248.037 00136.036 00220.880 00174.616 00114.645 -9999.0 00021.424 00047.222 00016.631 00014.315 00048.139 00052.282 00054.707 00071.020 00077.885 00323.185 -9999.0 -9999.0 -9999.0 00309.534 00303.838 00144.197 00095.690 00067.090 00028.237 00025.609 00024.958 00041.814 -9999.0 -9999.0 -9999.0 -9999.0 -9999.0 -9999.0 -9999.0 -9999.0 -9999.0 -9999.0 -9999.0 00037.261 00039.950 00036.248 00034.235 00033.025 -9999.0 -9999.0 -9999.0 -9999.0 -9999.0 -9999.0
00046.157 00019.577 00073.193 00104.968 00126.370 00061.611 00193.579 00303.762 00408.989 00410.551 00195.879 00185.926 00109.134 00124.856 00106.689 00093.353 00182.829 00052.173 00017.829 00071.824 00083.624 00026.675 -9999.0 -9999.0 00027.209 00333.285 00360.952 00222.117 00120.014 00240.812 00018.683 00041.702 00132.794 00074.381 00063.034 00057.912 00024.513 00045.033 00046.066 00045.440 00035.689 00041.459 -9999.0 -9999.0 -9999.0 -9999.0 -9999.0 -9999.0 -9999.0 00040.271 00040.785 00040.775 00036.510 00042.828 00040.581 00030.955 00027.851 -9999.0 -9999.0 -9999.0 -9999.0 -9999.0
00027.994 00007.832 00092.556 00100.378 00116.715 00135.595 00197.531 00330.902 00451.092 00279.654 00041.656 00074.551 00004.410 00049.194 00068.228 -9999.0 00169.364 00015.206 00036.037 00040.775 00014.555 -9999.0 -9999.0 -9999.0 00246.141 00343.495 00355.656 00160.013 00067.112 00158.494 00043.842 00030.831 00003.104 00045.318 00039.156 00023.741 00028.006 00039.006 00041.290 00044.873 00032.994 00033.509 00041.541 -9999.0 -9999.0 -9999.0 -9999.0 -9999.0 -9999.0 00033.317 00031.114 00032.165 00031.477 00064.511 00051.416 00028.497 00027.914 00021.951 -9999.0 -9999.0 -9999.0 -9999.0
00027.153 00066.638 00085.233 00110.342 00156.364 00179.715 00248.082 00459.326 00454.974 -9999.0 00044.972 00049.505 00042.774 -9999.0 -9999.0 -9999.0 00258.880 -9999.0 -9999.0 -9999.0 -9999.0 -9999.0 -9999.0 -9999.0 00346.160 00368.787 00178.772 00019.961 00216.137 00026.177 00098.059 -9999.0 -9999.0 00016.163 00060.219 00043.431 00046.191 00036.297 00046.966 00055.087 00051.166 00037.002 00031.892 -9999.0 -9999.0 -9999.0 -9999.0 -9999.0 -9999.0 00036.715 00046.484 00055.445 00057.388 00060.350 00055.770 00055.263 00023.844 -9999.0 -9999.0 -9999.0 -9999.0 -9999.0
00037.040 00061.135 00072.405 00149.536 00186.358 00236.758 02523.868 00787.736 00378.901 -9999.0 -9999.0 00026.481 00023.390 00038.043 -9999.0 00107.660 00485.070 00407.927 00170.590 00173.825 00121.338 00158.738 00141.562 -9999.0 00346.359 00360.638 00032.092 00027.726 00468.666 00096.601 00076.974 00096.663 00040.104 00031.858 00043.304 00033.688 00045.386 00066.094 00075.145 00066.913 00050.649 00034.875 00027.543 00036.268 -9999.0 -9999.0 -9999.0 -9999.0 00033.109 00041.398 00039.974 00045.675 00052.260 00056.730 00049.568 00033.075 00020.324 -9999.0 00037.802 00032.415 -9999.0 -9999.0
00057.694 00023.498 00062.065 00092.760 00127.591 00214.360 00746.030 00397.549 00284.758 -9999.0 -9999.0 00113.768 00036.882 00207.802 00328.714 00153.164 00211.713 00236.704 00174.891 00049.970 00104.912 00148.357 00159.077 00310.589 00523.290 00216.945 00203.939 00053.673 00073.784 00057.886 00110.211 00090.078 00065.638 00036.075 00065.092 00070.745 00074.609 00071.718 00080.359 00077.854 00084.562 00029.983 00029.639 00036.915 00033.000 00031.230 00024.993 00026.881 00028.565 00037.456 00037.696 00039.842 00048.396 00056.293 00048.871 00046.544 00035.048 00032.949 00032.639 00032.811 00025.424 -9999.0
00116.710 00242.375 00059.616 00063.608 00078.335 00359.639 00424.134 00421.225 00163.431 00031.621 -9999.0 00117.985 00596.741 00499.366 00218.986 00197.011 00193.272 00141.970 00112.568 00088.051 00090.721 00134.869 00206.731 00432.048 00593.482 00037.102 00138.038 00066.408 00060.984 00081.930 00081.265 00073.036 00076.628 00069.313 00067.016 00070.068 00072.623 00079.764 00071.062 00074.622 00071.905 00065.359 00030.714 00035.239 00033.529 00031.242 00028.548 00029.849 00036.069 00033.820 00040.017 00041.315 00052.071 00056.969 00054.509 00049.725 00051.636 00042.799 00036.761 00032.529 00027.634 -9999.0
00114.279 00230.336 00066.336 00054.077 00058.008 00118.531 00372.547 00146.335 00110.055 00037.111 -9999.0 00229.287 00402.520 00544.966 00153.010 00223.821 00157.006 00093.168 00077.647 00026.149 00080.792 00120.566 00214.562 00324.990 00164.891 00067.100 00104.269 00072.650 00108.396 00100.228 00097.420 00081.198 00075.776 00064.520 00070.816 00078.277 00048.993 00098.258 00089.437 00072.909 00067.621 00059.524 00065.074 00030.864 00066.488 00062.823 00026.195 00024.194 00031.072 00033.449 00044.768 00046.942 00046.988 00059.321 00050.996 00039.001 00057.121 00061.929 00068.435 00027.359 00028.609 -9999.0
00103.021 00226.737 00025.528 00042.566 00084.431 00072.153 00050.764 00042.251 00027.952 -9999.0 -9999.0 00192.980 00234.154 00155.438 00198.929 00157.145 00033.931 00058.322 00062.619 00091.696 00068.138 00104.357 00210.908 00320.064 00197.799 00053.149 00091.612 00071.123 00067.512 00071.799 00074.357 00076.753 00075.730 00084.045 00087.268 00079.296 00069.549 00084.027 00133.691 00127.887 00063.950 00063.401 00067.384 00071.162 00069.476 00069.954 00033.556 00034.965 00025.383 00034.537 00036.273 00045.702 00039.517 00040.631 00040.811 00033.813 00053.749 00060.256 00059.836 00024.887 00027.003 -9999.0
00130.135 00251.587 00110.276 00026.215 00083.046 00071.737 00057.348 00064.022 00070.292 -9999.0 -9999.0 00161.745 00529.406 00092.933 00191.489 00006.220 00029.187 00044.841 00039.294 00089.128 00152.346 00061.912 00190.765 00184.620 00137.612 00084.341 00066.000 00059.878 00066.964 00083.423 00076.152 00078.762 00081.498 00112.357 00131.026 00077.060 00077.973 00073.380 00074.280 00102.908 00048.648 00060.308 00070.129 00073.925 00072.128 00074.488 00066.836 00071.371 00063.417 00079.330 00097.582 00039.176 00036.578 00031.610 00026.661 00033.981 00048.744 00052.970 00032.942 00023.588 00022.634 -9999.0
00110.424 00146.476 00177.651 00028.439 00016.858 00296.135 00054.385 00225.654 00133.807 00031.561 00047.968 00109.920 00193.451 00142.630 00147.785 -9999.0 00022.230 00157.523 00004.078 00016.968 00169.916 00009.929 00149.356 00142.607 00080.759 00076.111 00076.747 00063.388 00082.409 00081.858 00081.635 00052.588 00077.172 00109.739 00121.904 00073.419 00067.051 00070.779 00076.711 00080.157 00065.618 00085.366 00083.452 00090.734 00084.231 00070.764 00070.532 00077.384 00070.050 00075.501 00078.500 00034.334 00033.205 00031.552 00031.853 00037.418 00042.128 00039.704 00018.566 00021.476 -9999.0 -9999.0
00109.807 00144.527 00110.479 00117.842 00207.637 00162.592 00211.606 00150.035 00059.176 00038.799 00034.034 00171.977 00090.285 00122.026 00084.976 00002.562 00129.295 00148.690 00003.094 00013.915 00087.838 00060.491 00080.501 00100.987 00075.939 00080.626 00083.508 00089.914 00083.587 00075.315 00073.543 00068.531 00071.524 00089.028 00098.774 00064.150 00056.932 00097.836 00086.840 00081.026 00077.880 00094.141 00079.938 00079.964 00089.876 00071.089 00070.770 00075.150 00075.635 00075.222 00077.766 00079.134 00108.757 00091.411 00089.838 00032.969 00034.346 00019.621 00023.541 -9999.0 -9999.0 -9999.0
00146.857 00151.420 00098.108 00143.262 00200.202 00133.121 00146.217 00138.234 00120.364 00116.367 00093.018 00087.197 00070.577 00070.903 00062.187 00022.002 00057.536 -9999.0 00033.082 00060.917 00050.236 00046.991 00038.254 00059.679 00085.055 00086.246 00094.497 00089.304 00070.857 00059.415 00087.018 00095.870 00091.856 00074.707 00053.868 00052.985 00067.764 00101.046 00106.172 00100.423 00088.744 00088.707 00089.311 00076.150 00085.009 00061.886 00080.759 00080.774 00081.389 00065.206 00069.545 00073.273 00087.217 00117.628 00086.413 00082.312 00029.980 00038.613 00029.733 00028.637 -9999.0 -9999.0
00138.122 00137.607 00114.749 00232.779 00151.400 00120.984 00094.004 00071.318 00095.659 00062.032 00069.800 00062.297 00050.997 00048.630 00053.022 00039.881 00077.246 00065.698 00044.062 00045.044 00029.259 00033.760 00069.434 00071.964 00072.361 00078.333 00082.242 00100.221 00046.046 00066.918 00070.942 00095.260 00070.351 00054.993 00060.702 00059.388 00129.248 00119.541 00121.077 00110.130 00089.902 00082.277 00090.517 00076.922 00088.745 00064.570 00072.191 00075.310 00074.514 00076.223 00067.583 00078.898 00088.101 00100.652 00077.327 00097.595 00059.630 00034.585 00032.086 00024.571 -9999.0 -9999.0
00188.057 00215.364 00212.416 00282.631 00128.571 00113.452 00070.852 00061.128 00101.923 00063.478 00052.441 00044.220 00040.516 00038.398 00035.027 00041.203 00047.816 00051.383 00032.382 00029.515 00043.566 00044.675 00078.214 00066.863 00059.007 00058.755 00060.029 00069.052 00052.462 00065.825 00065.999 00059.754 00059.216 00074.883 00066.548 00123.270 00119.337 00099.050 00078.209 00089.147 00087.189 00082.213 00080.157 00082.399 00075.639 00060.945 00264.767 00077.525 00075.352 00061.491 00082.836 00085.410 00095.199 00094.568 00087.853 00079.368 00080.024 00031.144 00023.620 -9999.0 -9999.0 -9999.0
00185.649 00194.947 00282.643 00193.510 00111.386 00080.528 00056.686 00065.891 00092.030 00076.168 00068.036 00045.675 00038.955 00035.788 00031.241 00032.218 00038.048 00036.063 00029.956 00032.394 00041.991 00058.437 00070.252 00075.681 00078.180 00067.521 00061.969 00055.492 00056.775 00088.732 00069.883 00072.296 00075.389 00071.096 00100.322 00108.338 00102.137 00102.381 00102.494 00091.469 00085.879 00087.340 00077.051 00081.923 00084.319 00100.125 00222.838 00118.094 00071.541 00077.424 00076.875 00074.511 00090.013 00078.255 00082.887 00085.665 00072.637 00023.862 00021.637 00037.250 00034.687 -9999.0
00221.012 00217.184 00305.583 00155.569 00095.621 00057.907 00052.880 00081.860 00075.304 00069.225 00068.050 00045.739 00034.262 00051.174 00040.678 00030.484 00029.958 00029.305 00032.680 00034.373 00042.045 00065.194 00073.723 00080.216 00079.037 00081.270 00082.027 00060.666 00061.762 00071.082 00076.528 00082.807 00089.905 00097.409 00112.708 00108.049 00097.565 00095.349 00096.880 00115.918 00130.014 00135.424 00079.553 00079.927 00082.459 00089.459 00187.728 00094.292 00085.683 00117.362 00100.367 00069.379 00066.030 00071.482 00076.087 00060.774 00053.614 00019.230 00036.655 00035.103 00032.527 00021.767
00205.733 00199.461 00194.037 00135.512 00092.697 00076.786 00092.709 00081.788 00064.319 00054.065 00045.630 00059.507 00059.247 00035.262 00030.869 00033.785 00034.905 00022.668 00024.633 00034.717 00041.114 00068.524 00062.861 00077.225 00081.341 00083.828 00083.458 00080.852 00075.472 00059.711 00087.851 00103.189 00079.738 00094.659 00105.235 00091.202 00093.991 00102.558 00116.912 00116.015 00110.318 00124.847 00090.817 00080.550 00091.936 00115.848 00087.378 00067.191 00129.626 00135.261 00161.739 00109.123 00066.832 00077.843 00068.025 00042.802 00016.346 00026.637 00023.756 00048.276 00052.357 00035.738
00151.778 00174.318 00172.523 00104.747 00071.198 00087.852 00085.073 00072.968 00048.373 00052.665 00052.578 00045.614 00040.855 00039.270 00035.742 00030.634 00028.491 00025.385 00017.271 00027.925 00038.074 00064.976 00058.991 00076.085 00098.847 00107.591 00074.510 00074.848 00075.280 00067.757 00092.345 00092.541 00074.366 00083.393 00095.641 00077.411 00110.068 00104.185 00109.520 00114.389 00080.433 00076.605 00080.313 00082.513 00083.776 00133.133 00082.437 00066.210 00223.726 00110.364 00141.798 00066.047 00066.435 00054.659 00057.925 00034.146 00022.773 00024.688 00038.198 00037.906 00062.946 00073.564
00135.002 00149.521 00117.685 00077.969 00057.560 00077.305 00064.572 00062.342 00056.125 00049.637 00056.104 00023.370 00024.981 00039.809 00041.331 00036.722 00035.220 00026.649 00015.672 00019.417 00034.833 00043.687 00063.673 00092.755 00137.738 00127.037 00091.445 00082.085 00072.788 00069.453 00080.966 00085.107 00080.229 00087.088 00086.248 00069.653 00083.057 00103.369 00114.533 00085.965 00059.834 00081.879 00093.733 00087.340 00089.728 00080.483 00074.924 00083.987 00085.680 02273.115 00107.546 00049.806 00058.980 00043.088 00042.364 00022.780 00028.800 00020.996 00026.993 00035.121 00060.587 00075.211
00074.152 00138.829 00117.207 00047.164 00045.514 00104.917 00097.245 00071.009 00071.337 00052.622 00025.628 00018.544 00006.684 00039.717 00036.815 00034.795 00031.946 00030.627 00025.116 00018.591 00030.756 00048.025 00053.126 00106.144 00115.916 00089.459 00093.602 00103.254 00100.445 00080.985 00070.370 00077.152 00080.065 00088.554 00075.857 00076.361 00099.752 00106.793 00103.488 00061.920 00059.105 00076.063 00080.618 00083.076 00079.218 00075.804 00082.652 00080.916 00076.007 01870.197 00057.566 00045.518 00041.986 00030.677 00026.621 00039.918 00021.855 00018.893 00043.378 00041.666 00053.903 00067.275
00122.155 00117.405 00115.688 00097.913 00083.042 00082.913 00078.043 00066.930 00081.048 00030.135 00037.193 00040.130 00043.227 00046.135 00043.147 00033.882 00036.323 00031.584 00032.044 00033.889 00031.095 00044.383 00051.976 00087.786 00098.886 00096.466 00090.639 00111.297 00132.656 00119.924 00094.752 00091.835 00088.111 00079.639 00081.012 00072.549 00079.679 00094.384 00084.675 00068.206 00059.580 00115.476 00080.751 00079.917 00085.412 00082.342 00082.900 00067.402 00064.713 00252.942 00051.509 00055.823 00030.746 00031.610 00028.643 00034.460 00023.552 00025.668 00028.069 00032.992 00033.770 00038.586
00119.642 00105.498 00176.474 00155.966 00146.558 00115.439 00071.868 00074.247 00096.771 00044.134 00039.289 00039.606 00037.825 00035.405 00037.929 00037.298 00050.828 00034.219 00040.336 00031.527 00029.114 00041.786 00048.538 00105.616 00128.413 00084.775 00091.032 00119.962 00126.556 00110.962 00110.779 00085.667 00091.982 00082.748 00093.854 00110.713 00136.978 00083.468 00064.046 00080.958 00100.036 00111.413 00115.460 00078.816 00068.578 00079.067 00071.992 00051.212 00054.387 00052.552 00045.170 00046.281 00039.037 00034.919 00023.781 00006.563 00021.800 00035.928 00035.178 00005.979 00012.718 00028.339
00107.835 00097.167 00127.790 00142.822 00127.934 00132.262 00086.934 00067.572 00061.055 00080.675 00040.197 00039.421 00035.704 00026.916 00040.703 00051.451 00046.494 00029.966 00027.362 00021.812 00028.522 00048.582 00076.027 00094.543 00093.997 00131.925 00104.983 00112.778 00118.135 00125.157 00109.496 00071.854 00077.811 00087.991 00088.606 00085.978 00100.775 00103.144 00078.454 00094.790 00122.242 00118.842 00108.398 00072.247 00064.660 01255.611 00053.412 00045.798 00046.425 00052.431 00051.082 00049.128 00020.939 00038.650 00061.916 00035.491 00006.414 00030.691 00038.944 00022.609 00027.865 00024.851
00098.381 00127.641 00172.520 00169.558 00152.674 00123.411 00078.436 00083.086 00101.417 00091.437 00064.039 00039.262 00035.386 00030.405 00049.969 00064.606 00052.186 00031.691 00054.811 00054.460 00046.453 00016.671 00055.516 00086.703 00097.190 00086.924 00115.670 00120.900 00120.856 00116.345 00090.052 00054.571 00048.949 00077.556 00078.410 00085.707 00089.038 00096.621 00113.580 00125.055 00124.613 00119.259 00113.933 00102.415 00072.265 00074.727 00054.061 00049.964 00033.454 00007.490 00017.124 -9999.0 -9999.0 00019.493 00029.976 00033.712 00038.392 00034.908 00045.384 00029.751 00034.631 00031.682
00194.216 00148.340 00113.836 00129.461 00130.338 00110.517 00087.732 00088.492 00090.083 00110.032 00122.263 00046.489 00064.176 00030.555 00028.507 00031.905 00087.555 00044.419 00130.806 00051.194 00079.760 00009.975 00006.745 00126.001 00114.055 00093.341 00114.515 00117.855 00116.771 00103.705 00063.492 00044.895 00077.654 00078.343 00078.576 00093.646 00099.873 00105.588 00107.832 00110.684 00121.703 00118.679 00116.209 00124.431 00091.915 00088.374 00099.783 00076.760 00076.821 00082.538 00029.633 00048.272 00044.841 00039.955 00038.052 00035.738 00037.168 00040.310 00032.338 00044.803 00044.986 00062.132
00101.485 00101.258 00106.808 00098.325 00094.609 00112.708 00142.366 00174.148 00181.423 00140.339 00048.813 00048.303 00084.087 00111.103 00102.861 00104.328 00047.507 00050.339 00180.349 00168.168 00014.229 00547.489 00087.044 00395.054 00099.417 00108.373 00094.570 00114.731 00092.253 00083.860 00082.384 00073.561 00064.501 00084.537 00113.826 00127.042 00100.061 00094.860 00109.034 00114.724 00138.145 00116.549 00109.612 00136.005 00111.968 00118.487 00119.481 00153.263 00112.710 00095.426 00070.874 00051.625 00048.087 00045.412 00040.311 00032.858 00028.741 00024.669 00044.557 00027.062 00041.781 00049.423
