TestFarsite/SampleData/Outputs/test_ReactionIntensity.asc
NCOLS 401
NROWS 476
XLLCORNER -5994.000000
YLLCORNER -7142.000000
CELLSIZE 30.000000
NODATA_VALUE -9999.0
[rows 196 to 223 of 476, columns 0 to 61 of 401]
-9999.0 -9999.0 -9999.0 -9999.0 -9999.0 -9999.0 -9999.0 -9999.0 -9999.0 -9999.0 -9999.0 -9999.0 -9999.0 -9999.0 -9999.0 -9999.0 -9999.0 -9999.0 -9999.0 -9999.0 -9999.0 -9999.0 -9999.0 00650.048 00254.302 00143.083 -9999.0 -9999.0 -9999.0 00526.101 01017.691 00640.314 00160.423 00223.083 00371.893 00450.018 00336.015 00230.755 01020.126 00360.674 00407.842 00302.628 00323.750 00286.925 00288.257 00261.247 00728.481 00313.175 01032.611 00285.069 00284.681 00363.463 01002.459 00663.511 00218.864 00350.899 00235.351 00231.301 00238.728 00297.147 00941.129 00661.627
-9999.0 -9999.0 -9999.0 -9999.0 -9999.0 -9999.0 -9999.0 -9999.0 -9999.0 -9999.0 -9999.0 -9999.0 -9999.0 -9999.0 -9999.0 -9999.0 -9999.0 -9999.0 -9999.0 -9999.0 -9999.0 -9999.0 -9999.0 00246.220 00280.960 -9999.0 -9999.0 -9999.0 -9999.0 -9999.0 00213.322 00192.067 00565.907 00991.510 00302.961 00257.849 00554.542 00523.114 00310.574 00908.148 01268.015 01269.080 01269.053 00369.993 00307.511 00316.386 00416.346 00455.851 00507.691 00681.524 00324.407 00256.329 00720.425 00945.601 00475.881 00277.585 00257.689 00263.141 -9999.0 00267.285 00499.586 00291.219
-9999.0 -9999.0 -9999.0 -9999.0 -9999.0 -9999.0 -9999.0 -9999.0 -9999.0 -9999.0 -9999.0 -9999.0 -9999.0 -9999.0 -9999.0 -9999.0 -9999.0 -9999.0 -9999.0 -9999.0 -9999.0 -9999.0 00682.245 00219.952 00977.312 -9999.0 -9999.0 -9999.0 00159.756 00486.441 00141.654 00855.887 00727.097 00370.928 00518.370 00498.711 00374.037 00380.941 00538.391 00648.296 01267.628 01134.439 01228.521 00378.178 00799.668 00699.560 00368.351 00881.020 00344.929 00718.920 00704.453 00287.849 00284.836 00559.893 00314.421 00274.700 00406.355 00478.354 00255.123 00229.402 00286.048 00288.115
-9999.0 -9999.0 -9999.0 -9999.0 -9999.0 -9999.0 -9999.0 -9999.0 -9999.0 -9999.0 -9999.0 -9999.0 -9999.0 -9999.0 -9999.0 -9999.0 -9999.0 -9999.0 -9999.0 -9999.0 -9999.0 -9999.0 -9999.0 -9999.0 -9999.0 -9999.0 00148.970 00279.162 00286.382 00185.695 00194.149 -9999.0 -9999.0 00688.358 00204.064 00257.292 00210.150 00606.888 00665.966 00759.027 00696.918 01261.941 00760.450 00654.343 00559.563 00665.328 00606.667 00282.645 00980.629 00267.524 00304.503 00319.304 00169.588 00288.969 00286.179 00283.608 00284.724 00163.549 00237.052 00915.931 00976.144 00294.701
-9999.0 -9999.0 -9999.0 -9999.0 -9999.0 -9999.0 -9999.0 -9999.0 -9999.0 -9999.0 -9999.0 -9999.0 -9999.0 -9999.0 -9999.0 -9999.0 -9999.0 -9999.0 -9999.0 -9999.0 -9999.0 -9999.0 00140.607 00188.433 00472.159 00140.788 -9999.0 00245.905 00289.691 00291.977 00285.723 -9999.0 -9999.0 -9999.0 -9999.0 00202.737 00582.683 00765.575 00392.878 00418.228 00995.158 00817.636 00211.542 00944.098 00708.023 01031.931 00877.328 00678.398 00322.145 00958.006 00306.305 00316.672 00833.369 00660.399 00989.019 00609.366 00303.192 00316.037 00313.048 00716.132 00286.111 00233.517
-9999.0 -9999.0 -9999.0 -9999.0 -9999.0 -9999.0 -9999.0 -9999.0 -9999.0 -9999.0 -9999.0 -9999.0 -9999.0 -9999.0 -9999.0 -9999.0 -9999.0 -9999.0 -9999.0 -9999.0 -9999.0 -9999.0 00140.908 00888.585 00608.970 00690.276 -9999.0 00386.934 00252.916 00288.999 00271.581 -9999.0 -9999.0 -9999.0 -9999.0 00207.918 00546.652 00474.696 00599.915 01268.557 01066.423 00220.112 00745.343 00415.053 00248.491 00928.412 00796.342 00727.800 00249.978 00993.182 00321.687 00315.100 00314.894 00541.687 00680.048 00220.222 00295.555 00884.589 00296.631 00296.737 00925.187 00768.515
-9999.0 -9999.0 -9999.0 -9999.0 -9999.0 -9999.0 -9999.0 -9999.0 -9999.0 -9999.0 -9999.0 -9999.0 -9999.0 -9999.0 -9999.0 -9999.0 -9999.0 -9999.0 -9999.0 -9999.0 -9999.0 00149.167 00143.607 01084.815 00516.629 -9999.0 -9999.0 00199.969 00267.246 00196.788 -9999.0 00179.104 00192.499 -9999.0 00168.568 00274.037 00519.972 00289.425 00610.543 00578.219 00411.039 00220.140 00245.783 00731.268 00384.409 00753.313 00473.880 00447.848 00263.910 01000.335 00316.702 00320.138 00378.227 01084.987 00744.408 00220.395 00300.442 01001.229 00286.783 00319.361 00238.130 00294.601
-9999.0 -9999.0 -9999.0 -9999.0 -9999.0 -9999.0 -9999.0 -9999.0 -9999.0 -9999.0 -9999.0 -9999.0 -9999.0 -9999.0 -9999.0 -9999.0 -9999.0 -9999.0 -9999.0 -9999.0 -9999.0 00162.627 00211.856 00693.582 00196.110 -9999.0 -9999.0 00214.341 00552.370 00180.823 00216.108 00222.282 00271.540 00176.499 00194.002 00257.132 00628.314 00566.276 00562.389 00371.799 00322.161 00220.121 00255.014 00250.665 01113.234 00375.148 01064.097 00625.049 00245.041 00297.657 00930.076 00207.914 00645.622 00700.566 00428.218 00220.165 00282.560 00327.874 00321.394 00330.197 00308.417 00234.629
-9999.0 -9999.0 -9999.0 -9999.0 -9999.0 -9999.0 -9999.0 -9999.0 -9999.0 -9999.0 -9999.0 -9999.0 -9999.0 -9999.0 -9999.0 -9999.0 -9999.0 -9999.0 -9999.0 -9999.0 -9999.0 -9999.0 -9999.0 00196.156 -9999.0 -9999.0 -9999.0 00223.353 00217.457 00240.526 00292.789 00295.590 00356.040 00530.452 00160.693 00157.518 00264.465 00209.322 00278.664 00310.496 00721.080 00239.159 00227.435 00293.318 00660.126 00489.953 00596.528 00242.051 00293.839 00312.629 00312.373 00326.860 00316.069 00293.386 00331.748 00472.410 00293.720 00478.771 01184.230 00511.440 00332.203 00730.121
-9999.0 -9999.0 -9999.0 -9999.0 -9999.0 -9999.0 -9999.0 -9999.0 -9999.0 -9999.0 -9999.0 -9999.0 -9999.0 -9999.0 -9999.0 -9999.0 -9999.0 -9999.0 -9999.0 -9999.0 -9999.0 00123.132 -9999.0 -9999.0 -9999.0 -9999.0 -9999.0 00176.333 00240.389 00209.704 00291.691 00291.217 00291.321 01086.635 00148.145 00143.891 -9999.0 00252.107 00223.995 01030.400 00781.883 00282.250 00259.621 00244.854 01166.007 00396.177 00332.471 00331.568 00319.218 00324.810 00330.835 00884.933 00249.830 00258.668 00520.094 00327.234 00328.081 00355.016 01259.714 00283.791 00351.523 01131.740
-9999.0 -9999.0 -9999.0 -9999.0 -9999.0 -9999.0 -9999.0 -9999.0 -9999.0 -9999.0 -9999.0 -9999.0 -9999.0 -9999.0 -9999.0 -9999.0 -9999.0 -9999.0 -9999.0 -9999.0 00163.458 00184.837 00165.324 -9999.0 -9999.0 -9999.0 00126.280 00190.297 00430.375 00458.704 00291.603 00291.293 00293.818 00249.456 00142.063 -9999.0 00194.861 00273.683 00231.315 00917.001 00304.580 01106.155 00256.983 00281.790 00357.527 00230.918 00332.470 00229.501 00312.830 00219.846 00326.630 00293.205 00259.526 00279.876 00347.927 00325.172 00331.422 00623.984 01231.549 00786.299 00270.496 00486.917
-9999.0 -9999.0 -9999.0 -9999.0 -9999.0 -9999.0 -9999.0 -9999.0 -9999.0 -9999.0 -9999.0 -9999.0 -9999.0 -9999.0 -9999.0 -9999.0 -9999.0 -9999.0 -9999.0 -9999.0 00227.683 00482.713 00644.086 00181.842 00163.792 00159.646 00169.360 00978.913 00279.716 00846.172 00254.563 00292.651 00294.159 00143.372 00140.981 00141.459 00260.384 00987.710 00311.736 00286.886 00325.669 00873.368 00219.960 00220.279 00641.410 00642.754 00291.605 00331.609 00332.609 01003.374 00227.470 00833.723 00328.337 00287.172 00330.704 00327.537 00327.223 00740.950 00298.707 00324.512 00190.567 00169.851
-9999.0 -9999.0 -9999.0 -9999.0 -9999.0 -9999.0 -9999.0 -9999.0 -9999.0 -9999.0 -9999.0 -9999.0 -9999.0 -9999.0 -9999.0 -9999.0 -9999.0 -9999.0 -9999.0 00151.563 00317.584 00750.301 00482.126 00145.957 00416.951 00158.271 00147.900 00146.389 00284.896 00359.688 00273.875 00259.302 00237.448 00149.591 00188.554 00141.272 00268.669 00265.307 00323.112 00327.310 00332.843 00564.085 00219.928 00219.882 00240.206 00232.518 00570.571 00311.459 00444.299 00373.858 00315.131 01011.122 00316.344 00278.366 00331.822 00329.235 00327.463 00327.466 00392.496 00225.320 00865.018 01178.716
-9999.0 -9999.0 -9999.0 -9999.0 -9999.0 -9999.0 -9999.0 -9999.0 -9999.0 -9999.0 -9999.0 -9999.0 -9999.0 -9999.0 -9999.0 -9999.0 -9999.0 -9999.0 -9999.0 00111.222 00247.236 00758.436 00250.806 00573.937 00730.215 00146.436 00476.597 00293.546 00292.896 00447.665 00485.569 00147.314 00223.265 00151.358 00160.565 00184.959 00269.537 00291.386 00748.394 00269.116 00275.167 00703.666 00219.923 00220.422 00273.634 00260.276 00255.556 00350.340 00232.421 00218.890 00319.358 00293.380 00586.339 00332.629 00288.417 00311.975 00328.113 00328.023 00404.399 00416.251 01167.380 01045.524
-9999.0 -9999.0 -9999.0 -9999.0 -9999.0 -9999.0 -9999.0 -9999.0 -9999.0 -9999.0 -9999.0 -9999.0 -9999.0 -9999.0 -9999.0 -9999.0 -9999.0 -9999.0 -9999.0 -9999.0 -9999.0 00202.526 00146.971 00149.541 00418.426 00527.588 00180.554 00291.530 00292.924 00291.176 00189.748 00291.583 00221.571 00146.408 00153.024 00621.294 00642.713 00316.779 00500.408 00256.499 00257.896 00274.382 00286.590 00225.064 00219.769 00260.154 00289.599 00824.558 00206.498 00194.696 00185.078 00221.579 00260.145 00331.426 00413.606 00307.482 00327.973 00304.499 00441.260 00586.897 00602.664 00335.781
-9999.0 -9999.0 -9999.0 -9999.0 -9999.0 -9999.0 -9999.0 -9999.0 -9999.0 -9999.0 -9999.0 -9999.0 -9999.0 -9999.0 -9999.0 -9999.0 -9999.0 -9999.0 -9999.0 -9999.0 -9999.0 00701.094 00146.826 00290.803 00287.321 00284.983 00862.395 00946.395 00729.739 00290.589 00292.229 00763.290 00995.643 00294.538 00287.036 00468.059 00205.338 00224.042 00302.701 00309.082 00291.950 00326.919 00285.030 00305.049 00219.743 00222.895 00470.420 00367.698 00239.470 00209.970 00214.679 00197.759 00951.765 00599.813 00612.165 00326.883 00332.700 00293.587 00561.376 00288.434 00924.135 00768.433
-9999.0 -9999.0 -9999.0 -9999.0 -9999.0 -9999.0 -9999.0 -9999.0 -9999.0 -9999.0 -9999.0 -9999.0 -9999.0 -9999.0 -9999.0 -9999.0 -9999.0 -9999.0 -9999.0 -9999.0 -9999.0 -9999.0 00211.920 00223.792 00282.169 00288.525 00590.852 00321.508 00147.855 00290.744 00291.387 00291.888 01138.103 00369.496 00280.453 00280.300 00293.550 00286.403 00287.033 00288.646 00284.235 00323.573 00323.714 00320.763 00283.624 00256.110 00655.229 00468.965 00470.939 00321.273 00482.152 00195.594 00606.683 00456.318 00311.201 00627.942 00621.066 00505.897 00518.819 00277.747 00275.749 00933.452
-9999.0 -9999.0 -9999.0 -9999.0 -9999.0 -9999.0 -9999.0 -9999.0 -9999.0 -9999.0 -9999.0 -9999.0 -9999.0 -9999.0 -9999.0 -9999.0 -9999.0 -9999.0 -9999.0 -9999.0 -9999.0 -9999.0 00138.506 00236.625 00212.694 00330.131 00888.472 00285.592 00147.670 00194.353 00291.147 00291.012 01105.825 00410.360 00427.815 00281.766 00272.654 00421.461 00292.617 00265.342 00290.555 00316.102 00243.249 00323.608 00718.756 00306.361 00259.169 00926.961 00165.099 00204.452 00350.579 00241.032 00226.814 00590.075 01024.027 00199.585 00216.231 00781.331 00182.315 00229.128 00268.108 00225.780
-9999.0 -9999.0 -9999.0 -9999.0 -9999.0 -9999.0 -9999.0 -9999.0 -9999.0 -9999.0 -9999.0 -9999.0 -9999.0 -9999.0 -9999.0 -9999.0 -9999.0 -9999.0 -9999.0 -9999.0 -9999.0 -9999.0 -9999.0 -9999.0 00175.446 00377.208 00195.267 00280.664 00275.644 00517.044 00279.906 00291.109 00292.435 00282.828 00492.073 00285.515 00264.627 00269.234 00266.146 00261.537 00329.527 00324.475 01119.232 00311.711 00273.047 00215.567 00600.253 00265.576 00164.350 00274.959 00196.956 00282.836 00563.563 00306.471 00452.446 00325.937 00542.667 00265.216 00264.904 00364.689 00299.552 00535.642
-9999.0 -9999.0 -9999.0 -9999.0 -9999.0 -9999.0 -9999.0 -9999.0 -9999.0 -9999.0 -9999.0 -9999.0 -9999.0 -9999.0 -9999.0 -9999.0 -9999.0 -9999.0 -9999.0 -9999.0 -9999.0 -9999.0 -9999.0 -9999.0 00208.547 00244.101 00982.974 01113.100 -9999.0 00508.582 00282.995 00279.199 00358.772 00295.208 00730.117 00870.203 00654.706 00375.681 00262.599 00340.110 00292.142 00283.702 00295.424 00292.153 00280.035 00206.994 00335.384 00180.230 00168.346 00224.885 00249.362 00570.213 00556.603 00252.414 00475.963 00507.098 00256.151 00412.987 00543.008 00684.707 00570.127 00585.182
-9999.0 -9999.0 -9999.0 -9999.0 -9999.0 -9999.0 -9999.0 -9999.0 -9999.0 -9999.0 -9999.0 -9999.0 -9999.0 -9999.0 -9999.0 -9999.0 -9999.0 -9999.0 -9999.0 -9999.0 -9999.0 -9999.0 -9999.0 -9999.0 00145.454 00174.637 00532.924 00263.050 00148.580 00254.941 00292.127 00292.296 00630.175 00171.190 00286.947 00295.728 00729.021 00287.648 00292.237 01144.954 00149.149 00150.199 00217.445 00215.849 00252.560 00258.578 00274.434 00234.815 00231.362 00211.480 00207.504 00373.867 00514.517 00569.684 00483.325 00580.802 00267.511 00522.928 00566.618 01061.131 00584.088 00609.946
-9999.0 -9999.0 -9999.0 -9999.0 -9999.0 -9999.0 -9999.0 -9999.0 -9999.0 -9999.0 -9999.0 -9999.0 -9999.0 -9999.0 -9999.0 -9999.0 -9999.0 -9999.0 -9999.0 -9999.0 -9999.0 -9999.0 -9999.0 -9999.0 00178.157 00171.775 00324.019 00594.765 00422.007 00189.054 00375.976 00228.138 00272.413 00325.849 00273.631 00258.457 00230.617 00286.003 00153.483 00208.670 00227.333 00930.964 00638.896 00398.762 00262.025 00200.608 00639.555 00926.009 00245.226 00273.088 00234.062 00236.396 00560.727 00576.137 00584.750 00587.238 00269.382 00267.042 01272.248 01056.397 00587.586 00605.995
-9999.0 -9999.0 -9999.0 -9999.0 -9999.0 -9999.0 -9999.0 -9999.0 -9999.0 -9999.0 -9999.0 -9999.0 -9999.0 -9999.0 -9999.0 -9999.0 -9999.0 -9999.0 -9999.0 -9999.0 -9999.0 -9999.0 -9999.0 00159.434 00196.314 01213.901 01132.360 01129.453 00527.305 00843.789 00480.041 00443.699 01053.681 00457.444 00934.608 00270.816 00499.133 00277.491 01050.639 00673.258 00376.927 01279.055 01061.564 01021.574 00155.781 00673.064 00203.977 00151.226 01423.979 00779.183 00286.294 00251.957 00233.278 00390.335 00587.990 00562.442 00557.034 01216.892 01272.123 01090.078 00883.236 00606.313
-9999.0 -9999.0 -9999.0 -9999.0 -9999.0 -9999.0 -9999.0 -9999.0 -9999.0 -9999.0 -9999.0 -9999.0 -9999.0 -9999.0 -9999.0 -9999.0 -9999.0 -9999.0 -9999.0 -9999.0 -9999.0 -9999.0 -9999.0 -9999.0 00148.732 01128.463 00749.576 00168.704 00678.285 00918.197 00329.324 00473.665 00348.858 01048.361 00838.004 00552.314 00547.927 00752.092 01008.963 00966.912 00685.914 00922.774 00286.164 00872.051 00857.955 00784.619 00829.866 00191.725 00269.266 00178.948 00241.185 00194.585 00299.991 00288.231 00276.722 00278.380 00406.068 00786.654 00556.705 00283.595 00997.496 00445.669
-9999.0 -9999.0 -9999.0 -9999.0 -9999.0 -9999.0 -9999.0 -9999.0 -9999.0 -9999.0 -9999.0 -9999.0 -9999.0 -9999.0 -9999.0 -9999.0 -9999.0 -9999.0 -9999.0 -9999.0 -9999.0 -9999.0 -9999.0 -9999.0 00468.429 00625.726 00176.854 00170.277 00263.826 00178.329 00709.427 00155.165 00210.711 00926.822 00952.370 00586.455 00655.539 00811.814 00477.993 00323.905 00532.935 00473.746 00153.185 00829.960 00796.341 00879.849 00783.142 00751.008 01165.479 00211.512 00185.391 00216.893 00150.645 00203.184 00283.090 00642.496 00307.028 00287.753 00294.157 00276.094 00279.400 00398.984
-9999.0 -9999.0 -9999.0 -9999.0 -9999.0 -9999.0 -9999.0 -9999.0 -9999.0 -9999.0 -9999.0 -9999.0 -9999.0 -9999.0 -9999.0 -9999.0 -9999.0 -9999.0 -9999.0 -9999.0 -9999.0 -9999.0 -9999.0 -9999.0 00144.348 01047.796 00144.185 00172.058 00268.871 00774.701 00146.336 00289.806 01075.434 00436.429 00643.843 01041.631 00178.431 00256.983 00246.710 01053.755 01051.822 01057.694 00435.258 00952.416 00612.419 00923.770 01000.746 00629.665 01035.993 00746.080 00316.161 00370.747 00457.265 00166.662 00502.471 00514.007 00308.753 00289.636 00252.079 00454.385 00333.287 00272.258
-9999.0 -9999.0 -9999.0 -9999.0 -9999.0 -9999.0 -9999.0 -9999.0 -9999.0 -9999.0 -9999.0 -9999.0 -9999.0 -9999.0 -9999.0 -9999.0 -9999.0 -9999.0 -9999.0 -9999.0 -9999.0 -9999.0 -9999.0 -9999.0 -9999.0 00130.822 00149.267 00284.422 00203.385 00142.106 00146.431 00285.075 00291.675 00291.760 00852.258 00286.797 00373.798 00811.778 00205.321 00871.614 00596.600 01057.668 00370.080 01053.177 00993.031 00893.676 00733.243 00725.333 01059.644 00612.271 00891.793 00715.302 00421.435 00484.137 00375.999 00957.663 01444.536 00181.201 00592.054 00608.069 00612.985 00196.234
-9999.0 -9999.0 -9999.0 -9999.0 -9999.0 -9999.0 -9999.0 -9999.0 -9999.0 -9999.0 -9999.0 -9999.0 -9999.0 -9999.0 -9999.0 -9999.0 -9999.0 -9999.0 -9999.0 -9999.0 -9999.0 -9999.0 -9999.0 -9999.0 -9999.0 -9999.0 00119.615 00166.483 00123.560 00774.338 00194.577 00218.569 00268.685 00182.548 00244.172 00155.957 00826.129 00311.934 00287.547 00273.470 00556.763 00272.721 01059.999 00486.481 00925.795 00902.514 00842.830 00642.467 01018.607 00871.010 00897.191 00742.740 00878.618 00657.315 00762.841 00588.049 00594.452 00142.559 00587.748 00610.358 00623.902 00619.019
