TestFarsite/SampleData/Outputs/test_HeatPerUnitArea.asc
NCOLS 401
NROWS 476
XLLCORNER -5994.000000
YLLCORNER -7142.000000
CELLSIZE 30.000000
NODATA_VALUE -9999.0
[rows 252 to 279 of 476, columns 62 to 123 of 401]
08282.925 08301.920 07156.743 07298.579 07382.466 07459.519 07481.787 07721.122 07920.378 08000.018 08291.019 08221.546 08092.325 07235.590 04298.346 04227.561 03715.873 05475.312 08172.878 08325.273 03495.225 06198.492 03678.183 05515.577 04413.094 08539.947 08864.015 03878.239 05725.314 08752.193 08289.175 08554.200 08586.231 08602.807 08606.804 08621.693 09001.534 08857.044 08663.404 08620.880 08601.057 08549.551 08497.014 08453.868 08367.549 08244.592 08194.672 08197.200 08070.735 04311.871 02587.311 02819.998 03004.907 02599.574 02963.247 07911.693 07997.102 07941.016 07115.419 07906.469 07899.569 07827.268
07238.844 07223.190 07384.105 07500.075 07563.453 07658.050 07592.792 07787.559 08090.235 08207.887 08266.548 08246.916 08227.610 02403.073 04394.317 03743.043 02639.502 05172.321 08287.863 08506.387 08557.693 08899.547 06768.692 08940.531 08948.099 08953.255 08902.981 08590.877 08474.378 08441.661 08512.401 08563.736 08600.100 08639.599 08639.156 08875.297 04022.891 04000.257 08690.066 08641.221 08613.486 08566.924 08556.037 08585.385 08415.495 08356.103 08375.199 08396.998 08133.715 05224.632 04609.400 03063.670 05218.301 02541.351 03298.541 08058.167 08177.150 08068.317 07932.465 08007.639 08002.014 07918.237
07450.486 07434.797 07567.267 07679.335 07725.502 07809.723 07756.227 07874.353 08265.581 03709.541 08410.530 08381.350 08325.890 08160.363 07260.312 02747.358 02727.539 02635.925 08480.955 08652.691 08706.342 04441.578 03649.605 03246.909 06436.663 08828.265 08451.832 08418.033 08451.999 08466.596 08512.556 08464.147 08531.301 08578.045 08628.315 05492.077 04236.252 04027.421 04565.535 08974.936 08632.422 08575.614 08554.155 08559.391 08615.576 07872.535 02869.682 08397.313 08320.148 08364.800 06642.079 02776.480 08258.921 06636.099 04247.620 02914.143 02651.701 08090.645 04779.207 03086.169 05169.823 07987.566
05557.826 03023.219 07648.305 07655.764 07965.767 07973.491 07875.045 08066.386 08344.026 02688.475 03392.967 04914.816 08539.451 08560.823 06756.616 02372.812 02325.739 02624.305 08673.284 07227.234 06999.458 03621.465 03226.217 08784.375 08570.615 08421.009 08343.200 08527.861 08567.375 08336.489 08421.559 08367.892 08426.136 08503.855 08561.629 08647.571 08854.411 04160.998 04160.484 08918.745 08829.647 08605.689 08598.040 08556.859 08616.058 08711.833 08851.109 08482.271 08472.065 08495.820 08488.878 08425.906 07100.489 08430.269 08424.162 04434.816 05192.697 05557.657 05558.490 02795.562 03668.159 06253.714
02892.177 06020.996 07841.195 07213.030 04057.215 05504.549 08067.657 08213.687 03070.182 04259.159 05347.298 06444.206 08565.004 08833.730 08002.172 07917.245 02383.055 02667.641 08947.159 03960.765 03105.171 04853.229 08552.042 08395.724 08350.525 08360.072 08281.353 08278.955 08258.974 08227.116 08324.382 08255.991 08329.393 08392.861 08470.522 08513.876 08710.332 08637.975 08718.071 08841.724 08680.801 08595.184 08608.109 08592.791 08558.286 08581.721 08931.697 08594.065 08592.834 08574.332 08572.285 08667.857 08491.753 08639.868 08562.939 08472.899 08342.963 03040.489 06072.498 03768.902 08163.720 08230.483
04346.940 07809.290 08001.872 08124.875 08146.771 08135.234 08271.235 08553.018 08507.042 06905.409 08847.018 08533.280 08539.168 08537.975 08629.953 05513.311 02375.199 02459.147 07053.901 04373.972 04430.372 03243.543 08480.361 08525.490 04271.300 08300.329 08317.793 07825.235 07646.560 07713.805 07696.501 07681.670 08074.906 08267.976 08344.406 08298.094 08307.202 08305.698 08319.981 08381.448 08470.322 08528.685 08571.506 08627.920 08599.165 08596.323 08601.310 08772.277 08596.190 08584.754 08579.810 08757.710 08847.777 08829.375 08670.029 08469.213 08389.606 05964.173 07276.661 08342.523 06677.299 03867.238
06077.922 07915.009 04593.503 08384.765 08375.977 08248.756 08333.501 08583.004 05910.004 08642.486 08535.974 08883.709 08553.187 04553.040 08891.707 02835.726 08606.209 02404.485 07030.298 08951.753 04797.386 08937.703 08498.108 08707.868 03454.914 08446.564 07647.672 07725.019 07912.704 07946.602 07868.135 07902.500 07722.245 07579.123 08208.462 07591.984 07842.291 08119.165 08187.088 08249.530 08360.099 08407.103 08514.922 08595.147 08636.411 08620.423 08595.346 08866.154 08892.061 08883.268 08620.940 08870.688 08875.793 08863.233 02961.737 04106.677 08418.127 08436.303 08511.428 08466.751 08410.372 08426.695
07899.682 08179.311 03368.049 08347.082 08545.345 08398.174 08499.598 08468.632 05598.133 08533.195 08530.707 08548.556 08486.229 08479.936 08631.331 03249.762 02736.995 02385.405 02452.098 05717.236 08892.078 08905.933 08775.804 08620.767 08262.360 07655.614 07878.515 07979.267 08099.672 08073.327 08074.415 08013.861 07939.339 07720.446 07685.838 07737.801 07723.670 07718.139 07665.781 08073.530 08263.866 08309.268 08437.116 08554.316 08590.753 08639.049 08657.035 08728.441 08722.604 08859.713 08952.562 06727.810 07995.035 08880.584 03624.214 02722.467 08543.907 08566.827 08497.299 05867.774 03750.021 08598.114
08042.442 08301.641 08441.299 08313.314 03234.177 08555.923 08541.981 08531.601 08530.878 08522.724 08550.661 08515.613 05494.402 06348.329 08442.692 08481.074 08480.334 08219.876 07865.589 02458.842 08644.369 08834.926 08455.946 08642.937 07560.470 07865.872 08074.668 08208.689 08272.551 08194.412 08154.146 08109.763 08018.843 07898.755 07928.581 07966.991 07958.730 07942.921 07844.766 07701.051 07606.453 08234.294 08370.963 08469.288 08535.795 08613.496 08635.204 08621.115 08624.414 08834.138 08880.415 05295.013 03452.607 08893.367 03267.224 08506.586 08753.940 08895.261 08551.438 08824.563 08737.237 03748.151
08124.794 08301.369 08405.086 06757.245 06212.492 08533.432 04749.555 04015.977 03710.239 05927.703 06623.357 06436.489 03277.869 03515.885 07491.403 02802.851 04965.993 08696.496 08523.371 02389.156 02466.482 08889.484 08429.189 08210.566 07689.351 08033.855 08265.371 08423.976 08394.812 08254.006 08236.017 08161.666 08086.424 07964.547 08074.755 08154.434 08105.940 08068.649 07967.417 07886.890 07841.229 07649.418 08308.928 08379.221 08452.408 08626.748 08598.523 08639.773 08578.463 03638.460 08893.648 08641.670 03034.580 08910.087 08374.247 08757.947 08720.367 08608.664 08648.368 06884.475 08457.680 02370.849
08166.308 08490.191 02773.885 03023.903 06634.934 08532.337 08545.512 05678.790 03095.491 05165.454 03923.501 03397.639 02789.933 02777.015 02791.864 02754.567 08011.363 03685.741 08346.113 04779.568 02359.196 07868.429 07207.470 05900.857 07753.888 08141.065 08506.190 08654.632 07781.065 08408.194 08285.939 08237.857 08149.426 08052.282 08250.370 08277.814 08235.870 08206.105 08119.452 08038.850 07958.910 07720.843 08084.467 08269.813 08391.210 08661.785 08584.029 08585.812 05406.945 03342.864 08820.793 08641.473 06223.572 08054.223 07306.538 08607.797 08606.856 03171.181 05885.032 02564.621 02373.074 08492.551
08239.203 08485.996 02750.526 02758.157 05192.122 08545.546 08521.370 03563.733 03026.195 04788.333 02828.441 02825.365 03215.098 02815.292 02682.288 05430.507 03452.905 02445.123 02459.132 02518.590 02457.291 02379.061 02610.787 07861.210 06976.922 08108.025 07464.438 04337.557 08493.548 08540.699 08420.589 08292.136 08207.076 08231.466 08449.051 08404.702 08335.921 08328.026 06421.571 08216.960 08046.647 07908.155 07717.491 07640.328 08324.349 08409.389 08479.550 08636.147 03054.471 03902.480 07269.268 05999.964 07155.571 06488.784 05735.297 08841.772 03620.978 02726.025 05356.700 08511.984 07581.125 02782.930
08179.564 08484.915 02722.453 02716.705 03637.436 08535.378 08531.491 03208.535 05415.267 08531.338 02818.415 02823.911 06441.788 03395.091 03107.894 04980.568 02578.377 02452.151 02461.902 04830.478 07858.940 07697.874 07943.192 06360.329 02303.391 02331.915 08673.782 05808.447 07584.775 06674.659 08628.089 08324.405 08213.113 08355.696 07822.575 08592.408 08475.882 08424.095 05694.106 04080.069 08101.512 07958.595 07955.909 07699.007 07884.771 08323.359 08405.554 08761.834 03396.229 08769.238 06465.238 02374.657 02373.706 02366.547 02331.078 02344.647 02355.806 02451.035 08517.778 02904.517 02826.862 02780.674
08179.135 08489.483 08529.867 08524.525 08531.709 08556.674 08549.056 08543.099 08533.781 08869.225 08531.901 08533.551 06453.246 04519.675 03144.636 07077.436 02452.166 02457.375 03499.208 07955.182 06645.511 07949.298 08037.701 07432.418 08504.146 08561.418 08511.445 03460.409 03320.349 02501.431 07182.788 07580.499 08270.416 07620.632 03180.592 06476.287 08622.785 08339.351 08434.288 08300.404 08172.042 08078.364 08004.861 07720.146 07842.357 07921.276 08431.199 08708.002 08642.305 08653.598 08667.522 04905.450 02365.021 08061.026 08251.380 08463.448 08496.983 07273.993 04174.811 03780.545 02926.523 02813.561
08274.598 08498.918 08207.825 08622.710 08839.587 04423.330 05094.938 08557.512 08855.777 08851.796 08574.213 08589.837 08646.298 04080.369 03229.181 08549.808 04036.060 02685.136 04121.253 02498.389 03203.247 07706.251 08174.211 08322.298 08582.799 04240.053 03930.300 08112.908 03632.086 02732.977 03282.950 06505.305 08333.462 04377.767 03710.341 08654.601 08520.384 08496.421 08427.483 08339.731 08217.354 08175.593 08033.438 07913.976 07724.599 07723.824 08071.283 08453.323 08387.075 08244.875 06772.316 03728.197 07651.158 07894.637 07707.076 08458.871 04014.750 02648.158 07835.078 04092.701 02779.715 02807.268
05046.204 06771.211 06977.655 04078.603 08804.923 03438.268 02977.640 03786.565 08661.501 08608.301 08638.866 08600.567 08641.408 08640.962 08823.303 08187.578 08240.076 02458.315 02581.699 02501.916 02656.787 02632.194 04727.381 08400.305 08653.859 02775.970 02764.990 02757.978 03665.844 07994.772 06261.960 02376.588 07564.455 08716.664 03456.231 04407.146 08653.085 08581.861 08536.469 08399.870 08333.197 08242.488 08112.093 07931.454 07967.521 07956.791 07690.108 07720.691 08260.449 07724.303 07953.318 08007.187 07919.111 07759.817 07905.553 07978.929 08157.882 03257.361 03590.393 03183.749 02672.240 02700.121
03036.261 02822.976 02613.834 02733.447 05157.671 03353.056 04156.174 02929.911 03073.012 06720.515 08620.779 08627.142 08605.900 08573.934 08640.176 08515.066 08298.504 02457.533 02480.569 04260.457 03490.066 08266.264 08300.691 08437.121 08715.122 02790.958 03193.936 03375.333 07464.784 03480.298 07522.515 02464.161 05390.424 08319.246 02692.443 08828.062 08496.947 05632.767 08430.901 08487.207 08344.426 07849.024 07320.654 08176.311 08192.037 06397.080 05791.564 02383.079 08179.887 07966.408 07448.765 04080.325 06938.632 02477.439 07821.368 07754.101 07745.041 02852.619 02768.215 03377.482 02725.506 04555.741
04012.459 04253.328 04803.195 02663.105 02830.223 02909.663 08504.640 04749.195 03194.663 04151.861 08574.124 08650.271 08564.572 08496.707 08542.104 08427.370 08335.564 08273.801 08251.892 07960.375 06518.143 08405.659 08439.833 08472.448 08686.065 02827.617 03853.240 06994.599 06384.740 02796.975 02706.179 08576.082 02379.440 02442.542 02498.721 02439.631 02356.457 02375.433 03939.745 07433.118 08537.050 05960.872 02387.736 08067.676 07585.101 04065.827 02335.125 02266.770 02281.099 05024.924 05380.363 02696.852 02500.206 02438.519 02313.402 02327.134 02258.769 06023.145 02428.495 02935.745 04476.540 02379.636
08324.217 08875.202 06433.127 08491.560 02828.085 03800.777 02873.031 03116.141 02825.134 02824.849 02778.244 08586.494 08541.147 03589.023 08433.115 08335.864 07956.320 07678.037 07724.377 08058.504 08309.681 08536.674 07888.721 05169.701 05348.256 02807.048 03006.098 07012.028 06763.458 02605.949 02720.698 08509.410 03605.652 06370.571 08593.910 08441.805 08480.311 08620.617 04528.297 02376.353 02378.087 02438.971 02376.595 02357.914 02376.634 02340.938 02298.219 08344.625 08337.177 08430.251 02347.228 02367.176 05918.717 08435.980 08378.109 08301.606 02321.919 02230.274 02305.480 06070.367 06185.881 02244.147
08309.551 08662.038 08935.591 03396.783 02828.544 08689.617 03110.129 03113.382 02835.445 03241.129 02728.943 02823.730 08538.558 03269.623 08352.398 08226.778 07708.083 07948.282 07969.074 06335.104 07615.428 08429.165 05994.094 02385.275 02365.251 02620.214 02698.930 02816.274 02639.555 02768.021 04240.836 02624.227 07910.272 08271.180 08530.391 08457.312 08369.237 08450.887 08626.948 08625.593 08621.111 08629.266 07581.834 08660.699 08668.552 02378.480 06992.184 08495.463 08540.943 08574.916 08501.218 08515.961 08552.169 08566.076 08552.938 08459.928 07878.732 02326.701 02545.386 02500.765 02516.162 02528.637
04649.122 06272.305 08732.867 02826.579 03451.418 02851.265 03405.084 02857.809 02829.627 03154.414 02823.906 03061.716 08679.699 08352.140 08160.301 07722.543 07942.902 08121.502 07984.246 02711.152 03044.656 02412.383 02378.351 02370.297 02720.532 02618.081 02569.794 03840.082 07103.716 08952.045 08820.353 08600.321 08180.052 07980.018 08285.192 08047.498 08197.454 08343.946 08494.844 08371.907 08377.547 08624.704 08817.025 08790.974 08771.374 08686.301 08637.709 08572.388 08597.716 08617.201 03268.023 08697.101 08686.672 03915.607 08506.456 08661.635 04417.080 02671.699 05350.773 05430.719 03975.734 02567.982
02349.369 02396.552 08523.638 02767.879 02828.932 03389.366 03797.309 02939.706 02903.562 08028.616 03879.182 02355.524 08141.237 07881.215 07725.340 07960.650 04423.265 04456.051 04235.138 04650.337 03103.420 06538.843 04837.169 04774.345 04863.547 04565.404 03913.353 07635.862 06531.213 02529.075 02517.622 02672.164 05091.543 08996.454 08486.785 02627.528 07954.999 08205.894 08196.317 08187.058 08295.540 08405.010 08622.816 08597.781 08623.595 08621.324 08700.561 08694.924 08686.261 08613.149 08680.183 03234.737 05176.677 08699.944 04063.729 08758.544 03357.481 02586.322 05594.725 08226.209 07607.392 07921.033
07591.585 04178.143 02333.391 02333.819 03855.572 06239.952 08375.084 06124.813 02850.058 07887.383 05622.699 04129.783 04160.472 04301.685 04637.045 04437.942 08417.733 07663.859 04559.775 08618.467 08616.109 08658.893 05567.442 02991.780 06617.617 08368.930 08386.782 08353.483 -9999.000 -9999.0 -9999.0 -9999.0 -9999.0 -9999.0 -9999.000 -9999.000 -9999.000 08128.614 07882.753 05238.196 05041.891 08327.423 08374.332 08576.549 08600.896 08559.719 08611.717 08629.638 07977.040 08686.077 02760.943 02808.999 02850.443 02746.688 06447.494 08350.586 06287.708 03060.519 04836.105 08291.056 08166.434 07974.216
08198.363 08090.074 08261.764 08278.794 08296.325 07593.007 08298.617 07578.921 07723.178 07725.149 07726.478 07530.315 08187.855 08246.876 08317.730 08469.371 08593.688 08820.692 08793.479 08564.901 08480.518 08377.511 06280.205 02648.974 03837.590 06403.532 07933.010 08673.157 -9999.000 -9999.0 -9999.0 -9999.0 -9999.0 -9999.0 -9999.0 -9999.0 -9999.0 -9999.000 -9999.000 -9999.000 08094.315 08023.703 08262.837 08375.315 08624.450 08599.270 08546.398 08541.871 08694.686 03330.245 03056.874 03845.596 04514.228 03081.080 08572.112 08541.831 08606.245 08523.258 08263.140 08318.947 08228.284 08086.344
08395.060 08227.200 08107.032 08129.836 07626.165 03326.206 07662.923 07939.021 07994.778 08026.847 07967.114 08189.363 08298.056 08361.104 08466.298 08612.803 08658.406 08675.818 08736.809 08333.583 06516.637 07994.534 05176.478 02770.578 02748.799 02741.622 02700.621 03715.958 -9999.000 -9999.0 -9999.0 -9999.0 -9999.0 -9999.0 -9999.0 -9999.0 -9999.0 -9999.0 -9999.0 -9999.0 -9999.000 08576.327 08011.554 08268.776 08387.308 08528.587 08794.922 05484.750 08808.511 05973.245 02989.351 06826.931 08726.236 08692.780 08674.855 08636.220 08611.925 08552.445 08453.111 08337.454 08247.637 08249.423
08307.727 08142.032 02456.655 07675.920 05806.028 02623.040 07852.838 03249.322 03852.449 07795.361 08117.124 08199.360 08451.005 06791.869 08605.669 08614.742 08548.018 08553.319 08612.878 08269.418 07492.119 05268.072 02664.269 02591.824 02571.784 02530.698 02517.320 03831.011 -9999.000 -9999.0 -9999.0 -9999.0 -9999.0 -9999.0 -9999.0 -9999.0 -9999.0 -9999.0 -9999.0 -9999.0 -9999.0 -9999.000 08515.719 08029.480 08259.672 08361.679 08691.999 08631.831 08789.678 08817.083 07194.206 08778.818 08649.622 08611.032 08633.860 08735.167 08896.274 08743.193 08503.917 08346.146 08346.256 08343.588
08237.723 07503.919 02459.868 03975.554 04428.544 03276.518 08076.745 03547.843 03198.483 03229.582 08232.069 08283.692 03453.822 03682.314 08629.696 08648.466 08818.510 08671.716 08522.721 06581.218 08370.691 02531.371 -9999.000 -9999.000 -9999.000 -9999.000 -9999.0 -9999.0 -9999.0 -9999.0 -9999.0 -9999.0 -9999.0 -9999.0 -9999.0 -9999.0 -9999.0 -9999.0 -9999.0 -9999.0 -9999.0 -9999.0 -9999.000 08508.797 07944.080 08170.844 08586.890 08784.047 08887.299 08631.693 06220.311 05556.077 08485.790 08749.417 08761.063 08607.412 08792.461 08800.594 08577.727 08566.574 08502.110 04800.047
06173.462 04906.845 02459.967 02601.321 05545.872 08117.047 05123.484 02623.776 02946.539 04186.470 08322.102 08449.153 06974.799 04575.146 08662.346 04145.315 08693.093 08478.147 08334.171 08193.722 07862.012 -9999.000 -9999.0 -9999.0 -9999.0 -9999.0 -9999.0 -9999.0 -9999.0 -9999.0 -9999.0 -9999.0 -9999.0 -9999.0 -9999.0 -9999.0 -9999.0 -9999.0 -9999.0 -9999.0 -9999.0 -9999.0 -9999.0 -9999.0 -9999.000 07950.605 08339.590 08540.121 08828.020 08613.963 08536.226 08534.606 07145.917 04518.160 02737.948 08497.769 08837.929 08669.687 06772.824 08627.976 08536.976 04123.570
