TestFarsite/SampleData/Outputs/test_HeatPerUnitArea.asc
NCOLS 401
NROWS 476
XLLCORNER -5994.000000
YLLCORNER -7142.000000
CELLSIZE 30.000000
NODATA_VALUE -9999.0
[rows 112 to 139 of 476, columns 124 to 185 of 401]
-9999.0 -9999.0 -9999.0 -9999.0 -9999.0 -9999.0 -9999.0 -9999.0 02340.009 04121.365 21288.985 -9999.0 -9999.0 -9999.0 02373.845 02370.735 02358.136 -9999.0 -9999.0 -9999.0 -9999.0 02364.504 03966.733 04028.440 02455.571 02454.833 02510.546 05392.106 07232.945 -9999.0 -9999.0 -9999.0 -9999.0 -9999.0 -9999.0 -9999.0 -9999.0 -9999.0 -9999.0 -9999.0 -9999.0 -9999.0 02380.553 02399.140 02411.346 02421.478 02430.070 02433.562 02749.926 06084.393 03407.835 04598.812 02465.066 02472.643 02471.901 02473.091 02477.173 07263.300 07665.000 04907.129 02544.721 02632.042
-9999.0 -9999.0 -9999.0 -9999.0 -9999.0 -9999.0 -9999.0 -9999.0 02356.692 02381.577 02390.335 02867.343 -9999.0 02559.376 02398.535 02401.453 02396.834 02370.177 -9999.0 -9999.0 02391.701 02400.826 04042.915 07227.416 02462.345 02462.927 02460.884 02624.287 03998.880 -9999.0 -9999.0 -9999.0 -9999.0 -9999.0 -9999.0 -9999.0 -9999.0 -9999.0 -9999.0 -9999.0 -9999.0 02352.859 02375.069 02413.584 02421.124 02431.741 02436.515 02439.759 07032.828 07599.184 07461.764 02465.407 02472.514 02481.142 02484.245 02482.596 02489.418 02495.454 02500.875 04539.759 02528.312 02666.272
-9999.0 -9999.0 -9999.0 -9999.0 -9999.0 -9999.0 -9999.0 02348.918 02381.251 02404.543 02410.899 02411.939 06947.694 07007.124 02411.892 02416.354 02413.132 02400.858 02360.896 -9999.0 02387.289 02548.125 03542.427 02453.350 02465.376 02469.264 02466.008 02454.510 05486.968 -9999.0 -9999.0 -9999.0 -9999.0 -9999.0 -9999.0 -9999.0 -9999.0 -9999.0 -9999.0 -9999.0 -9999.0 02370.646 02394.037 02405.696 02431.813 02439.795 02442.685 03326.583 02452.856 03259.909 02468.225 02478.543 02484.781 02489.927 02486.835 02486.330 02498.220 02503.164 02524.477 02540.287 02583.129 02602.175
-9999.0 -9999.0 -9999.0 -9999.0 -9999.0 -9999.0 02335.967 02372.689 02404.855 02414.988 02420.321 02575.681 03959.528 05065.222 02420.706 02424.428 02421.183 02412.442 02388.024 -9999.0 02361.856 02408.530 02430.249 02454.001 02467.061 02477.462 02468.594 02456.194 04480.438 03653.348 -9999.0 -9999.0 -9999.0 -9999.0 -9999.0 -9999.0 -9999.0 -9999.0 -9999.0 -9999.0 -9999.0 02396.300 02408.242 02416.877 02439.637 02446.326 02450.972 02453.381 02459.365 02638.647 02479.220 02487.052 02493.718 02496.625 02491.125 02486.881 02507.000 02521.852 02536.883 02567.184 02617.753 02632.050
-9999.0 -9999.0 -9999.0 -9999.0 -9999.0 -9999.0 02358.976 02394.763 02415.426 02422.039 02427.985 02431.204 02433.404 02433.536 02432.605 02433.725 02431.684 02417.916 02372.164 02359.508 02353.287 02394.132 02423.257 02436.549 02465.613 02476.957 02463.160 02441.485 02622.978 02374.551 -9999.0 -9999.0 -9999.0 -9999.0 -9999.0 -9999.0 -9999.0 -9999.0 -9999.0 -9999.0 02396.819 02409.235 02415.680 02429.452 02444.371 02453.411 02458.498 02465.559 02472.006 04748.559 02486.529 02493.601 02497.650 02504.715 02471.038 02418.779 02505.392 02521.782 02526.821 02560.336 02607.225 02629.996
-9999.0 -9999.0 -9999.0 -9999.0 -9999.0 02341.853 02382.706 02407.334 02420.590 02434.535 02438.608 02440.562 02442.519 02443.993 02442.558 02443.082 02434.382 02412.952 02381.140 02396.241 02383.394 02355.191 02411.029 02432.508 02447.966 02449.398 02446.930 02434.988 02561.616 -9999.0 -9999.0 -9999.0 -9999.0 -9999.0 -9999.0 -9999.0 -9999.0 -9999.0 -9999.0 -9999.0 02382.414 02413.576 02430.339 02445.556 02453.787 02459.293 02467.149 02473.391 02478.419 05645.785 02752.972 02505.766 02511.357 02491.640 02325.959 02430.095 02501.191 02524.994 02541.848 02578.283 02606.095 02604.514
-9999.0 -9999.0 -9999.0 -9999.0 -9999.0 -9999.0 02364.800 02410.671 02425.345 02438.849 02447.427 02449.038 02451.273 02452.046 02451.247 02442.790 02427.346 06740.893 14772.088 08758.835 02406.494 02386.159 02350.568 02411.930 02417.971 02454.262 03009.990 -9999.0 -9999.0 -9999.0 -9999.0 -9999.0 -9999.0 -9999.0 -9999.0 -9999.0 -9999.0 -9999.0 -9999.0 -9999.0 -9999.0 02345.766 02429.259 02442.794 02448.877 02458.369 02470.818 02479.615 02485.023 02498.276 02505.174 02510.778 02507.700 02518.657 02523.840 02462.932 02499.197 02527.765 02546.216 02583.142 02595.631 02623.895
-9999.0 -9999.0 -9999.0 -9999.0 -9999.0 -9999.0 -9999.0 -9999.0 02427.424 02442.198 02455.401 02457.995 02459.608 02459.036 02456.359 02442.098 02424.817 02424.319 13787.575 02423.343 02415.954 02405.415 02351.308 -9999.0 -9999.0 -9999.0 -9999.0 -9999.0 -9999.0 -9999.0 -9999.0 -9999.0 -9999.0 -9999.0 -9999.0 -9999.0 -9999.0 -9999.0 -9999.0 -9999.0 02350.931 02202.026 02434.419 02447.890 02457.906 02460.981 02469.511 02485.190 02490.506 02505.392 02510.985 02520.087 02526.481 02533.270 02533.284 02521.649 02508.183 02525.884 02554.381 02577.650 02612.302 02633.158
-9999.0 -9999.0 -9999.0 -9999.0 -9999.0 -9999.0 -9999.0 -9999.0 02419.411 02434.874 02463.053 02465.464 02465.723 02465.707 02456.609 02440.874 02433.394 02434.224 02424.005 02434.037 02423.186 02909.810 02581.532 -9999.0 -9999.0 -9999.0 -9999.0 -9999.0 -9999.0 -9999.0 -9999.0 -9999.0 -9999.0 -9999.0 -9999.0 -9999.0 -9999.0 -9999.0 -9999.0 -9999.0 02423.905 02433.887 02445.172 02456.811 02467.604 02471.961 02479.551 02495.481 02502.992 02512.060 02522.336 02533.598 02534.773 02562.664 02553.346 02522.214 02512.650 02525.089 02555.069 02605.143 02620.540 02650.754
-9999.0 -9999.0 -9999.0 -9999.0 -9999.0 -9999.0 -9999.0 -9999.0 -9999.0 -9999.0 02468.042 02476.209 02474.844 02468.727 02454.858 02439.313 02583.867 02442.140 02433.574 02442.675 02427.753 05677.246 -9999.0 03061.855 -9999.0 -9999.0 -9999.0 -9999.0 -9999.0 -9999.0 -9999.0 -9999.0 -9999.0 -9999.0 -9999.0 -9999.0 02351.128 02349.944 02339.871 -9999.0 02416.258 02427.193 02443.654 02463.338 02474.805 02482.273 02493.901 02500.429 02510.799 02512.004 02526.493 02540.640 02540.541 02545.724 02551.101 02535.812 02505.965 02947.692 02562.236 02608.054 02652.423 02672.528
-9999.0 -9999.0 -9999.0 -9999.0 -9999.0 -9999.0 -9999.0 -9999.0 -9999.0 -9999.0 02480.723 02482.332 02481.479 02886.337 03788.820 07531.480 02451.743 02448.922 02444.165 02547.029 02985.655 02543.637 06721.254 02577.107 02343.054 -9999.0 -9999.0 -9999.0 -9999.0 -9999.0 -9999.0 -9999.0 -9999.0 -9999.0 -9999.0 -9999.0 02431.985 02731.726 02472.769 -9999.0 -9999.0 02425.248 02401.103 02455.835 02482.440 02491.235 02496.851 02504.571 02513.429 02521.607 02531.987 02543.052 02566.236 02573.189 02583.784 02563.594 02505.770 05297.464 02660.460 02610.671 02696.572 02754.176
-9999.0 -9999.0 -9999.0 -9999.0 -9999.0 -9999.0 -9999.0 -9999.0 -9999.0 02475.951 02486.394 02485.917 02955.587 07749.708 07586.502 04600.864 02464.268 02455.301 02453.329 02453.520 06576.145 07441.149 04437.444 02937.523 03061.989 02386.690 -9999.0 -9999.0 -9999.0 -9999.0 -9999.0 -9999.0 -9999.0 -9999.0 -9999.0 02352.647 02377.542 02397.606 02509.971 02174.152 -9999.0 02313.445 02298.884 02457.967 02484.937 02498.652 02503.270 02511.136 02527.142 02526.048 02555.614 02562.979 02582.048 02594.188 02596.219 02568.933 02536.762 08212.708 02672.544 02651.910 02706.295 02720.490
-9999.0 -9999.0 -9999.0 -9999.0 -9999.0 -9999.0 -9999.0 -9999.0 -9999.0 02482.089 02611.672 02499.935 07946.291 07843.512 07861.094 03874.437 02466.654 02460.853 02464.124 02670.888 02439.437 02438.096 02437.922 06467.806 02833.583 02405.224 02356.812 -9999.0 -9999.0 -9999.0 -9999.0 -9999.0 -9999.0 02347.761 02351.136 02371.791 02392.852 02403.715 02408.066 02406.627 -9999.0 -9999.0 02490.657 02492.151 02491.492 02508.047 02517.045 02537.039 02547.074 02539.582 02576.626 02591.760 02598.474 02590.154 02589.304 02561.837 02572.814 03373.780 02659.341 02680.202 02713.635 02720.475
-9999.0 -9999.0 -9999.0 -9999.0 -9999.0 -9999.0 -9999.0 -9999.0 -9999.0 02491.468 03246.971 02507.250 02501.920 04954.116 02490.974 03466.571 02473.818 02462.820 02492.794 06637.213 02452.287 02449.147 02446.239 06774.044 03604.016 02412.176 02376.991 -9999.0 02347.260 -9999.0 -9999.0 02351.474 02351.369 02356.792 02360.798 02374.532 02403.622 02412.607 02417.896 02417.428 -9999.0 02492.183 02494.476 02497.751 02498.925 02519.265 02525.277 02542.520 02557.257 02573.124 02606.339 02619.465 02640.591 02648.444 02604.270 02601.669 02618.496 02526.667 02657.691 03356.039 02706.534 02740.141
-9999.0 -9999.0 -9999.0 -9999.0 -9999.0 -9999.0 -9999.0 -9999.0 02530.953 05639.041 05100.586 02526.027 02514.810 02505.141 02495.207 02486.466 02468.211 04541.441 02488.238 05257.389 02462.465 02461.364 02456.263 05127.998 02643.048 02415.771 02384.199 02359.693 02382.359 02374.563 02372.196 02382.471 02378.550 02376.160 02386.252 02392.063 02412.303 02419.252 02418.623 02427.067 02423.783 02496.412 02510.183 02497.096 02503.554 02519.804 02527.369 02533.341 02561.212 02585.252 02609.648 02635.210 02621.106 02654.901 02625.115 02626.630 02628.938 02603.931 02648.514 03924.357 06710.609 02766.050
-9999.0 -9999.0 -9999.0 -9999.0 -9999.0 -9999.0 -9999.0 -9999.0 02547.472 02525.004 02540.171 02558.317 02527.686 02515.861 03340.976 07722.483 07814.493 07007.765 02488.654 02481.294 04074.860 02471.032 02461.153 02451.193 02438.102 02418.645 02396.721 02384.273 02400.523 02403.315 02405.955 02408.899 02402.255 02396.915 02411.474 02413.766 02416.639 02424.927 02429.236 02434.307 02462.669 02494.808 02515.923 02491.480 02506.995 02535.924 02545.817 02551.973 02587.899 02586.843 02581.912 02584.919 02624.397 02616.956 02615.042 02667.372 02633.475 02688.623 02639.039 02728.759 02637.341 02822.015
-9999.0 -9999.0 -9999.0 -9999.0 -9999.0 -9999.0 -9999.0 02558.256 02576.778 02561.904 02566.545 02553.351 02560.979 02995.774 06480.066 07884.386 07875.355 03410.640 02494.636 02494.701 02484.361 02477.699 02464.541 02450.229 02438.921 02420.996 02392.013 02401.689 02411.775 02415.187 02416.241 02418.205 02414.874 02411.001 02419.511 02421.519 02423.784 02434.104 02439.330 02441.049 02435.620 02484.284 02525.377 02534.832 02536.013 02553.867 02571.054 02581.258 02570.612 02569.129 02609.481 02616.152 02635.796 02613.563 02627.373 03975.372 02606.318 02648.684 02657.975 02753.080 02793.687 02823.178
-9999.0 -9999.0 -9999.0 -9999.0 -9999.0 -9999.0 -9999.0 02566.600 02582.695 02566.765 02575.575 02561.867 02545.607 02528.670 05066.438 04421.168 02534.997 02525.015 02507.566 02497.722 02488.664 02469.777 02458.942 02441.541 02427.218 02407.332 02400.821 02412.628 02417.698 02423.005 02424.376 02428.578 02422.680 02419.223 02425.376 02434.118 02438.078 02442.782 02447.824 02447.273 02435.359 02186.679 02518.693 02561.139 02591.018 01842.037 02587.471 02581.183 02566.569 02596.102 02677.149 02713.058 02707.086 02675.941 02934.730 06192.494 02586.656 02607.961 04571.203 02711.389 02789.283 02809.924
-9999.0 -9999.0 -9999.0 -9999.0 -9999.0 -9999.0 -9999.0 02544.278 02565.863 02586.418 02591.212 02556.635 02541.891 02563.352 02557.439 02539.839 02528.778 02521.551 02518.699 02493.563 02476.129 02464.430 02286.152 02433.719 02413.158 02384.517 02411.410 02419.576 02423.251 02430.447 02434.188 02440.956 03901.184 04658.640 02433.818 02442.192 02448.927 02452.406 02456.518 02452.288 02445.960 -9999.0 02475.139 02506.321 02590.545 02575.375 02608.741 02567.917 02596.616 02665.467 02676.473 02701.130 02693.333 02680.253 04474.877 07749.780 02619.295 04915.755 02694.058 02727.723 02780.335 02788.032
-9999.0 -9999.0 -9999.0 -9999.0 -9999.0 -9999.0 -9999.0 -9999.0 02573.478 02596.719 02601.113 02575.410 02578.760 02607.299 02583.526 02596.942 02557.853 02523.641 05454.587 02488.604 02475.553 02461.222 02445.094 02425.568 02401.187 02404.662 02417.282 02424.716 02429.774 02433.990 02442.080 02449.185 03466.770 05381.909 02444.475 02453.574 02460.729 02464.658 02467.874 02462.902 02453.462 -9999.0 02462.008 02359.989 02586.703 02584.744 02603.438 02590.566 02695.490 02650.059 02651.837 02703.920 02664.330 02618.011 02718.341 04162.081 02710.014 03730.360 02722.297 02819.665 02816.067 02814.348
-9999.0 -9999.0 -9999.0 -9999.0 -9999.0 -9999.0 -9999.0 -9999.0 02578.310 02716.705 02632.012 02576.229 02729.969 02705.230 02632.036 02644.256 02579.447 02508.193 02498.057 23138.643 02469.844 02455.571 02439.959 02418.297 02414.402 02418.622 02423.004 02433.056 02437.893 02441.589 02449.340 02457.968 02457.618 02454.463 02451.784 02462.555 02468.509 02472.359 02474.034 02464.503 02464.530 02463.932 02468.194 02245.049 02541.060 02601.781 02601.912 02658.214 02662.791 02716.682 02729.496 02728.189 02716.836 02734.273 02696.570 02609.162 03486.085 02680.829 02764.557 02836.946 02825.544 02790.306
-9999.0 -9999.0 -9999.0 -9999.0 -9999.0 -9999.0 02798.870 -9999.0 02730.199 02756.558 02664.857 02641.997 02735.983 02711.901 02630.581 02621.487 02535.244 02508.241 02490.457 02475.627 28130.843 02449.659 02433.934 02417.169 02421.312 02426.568 02432.927 02439.607 02444.714 02450.045 03173.499 02589.966 02466.997 02525.579 02456.825 02468.087 02475.521 02479.534 02480.126 02469.378 02472.890 02472.641 02469.282 02410.702 02292.148 02654.869 02666.541 02687.306 02714.850 02736.422 02693.368 02809.925 02771.628 02775.624 02699.056 03361.849 07590.163 02707.900 02813.468 02812.122 02813.000 02796.059
-9999.0 -9999.0 02798.273 -9999.0 -9999.0 02596.307 21985.551 25750.824 15604.008 02761.403 02777.600 02608.922 02639.037 02559.654 02593.431 02569.829 02514.778 02491.983 02484.478 02472.367 08040.777 02446.133 02429.751 02421.036 02429.357 02434.511 02441.259 02446.065 02453.799 02456.835 05240.800 02474.697 02476.449 03814.144 02641.584 04172.622 02486.471 02497.422 02491.880 02484.216 02481.223 02475.013 02469.389 02272.878 02453.356 02692.605 02668.710 02664.920 02695.188 02806.620 02675.998 02814.574 02749.026 02696.536 02687.842 04446.633 08643.516 02762.288 02821.152 02797.908 02796.784 02723.207
02770.712 02690.585 02824.415 02749.477 02682.810 02736.164 02899.628 12392.718 02698.682 02764.458 02744.943 02587.105 02572.058 02528.405 02563.424 02553.887 02512.226 02495.842 02484.678 02472.850 02457.266 02440.744 02421.336 02426.719 02434.642 02443.652 02449.631 02456.075 02464.526 02468.493 02474.620 02571.466 04357.382 07087.089 03835.374 02494.696 02497.167 02506.440 02499.949 02490.691 02482.272 02473.954 02459.741 02326.533 02703.991 02693.307 02663.262 02671.603 02801.183 02798.876 02698.921 02804.523 02777.658 02767.973 02764.764 02713.144 02652.437 02735.878 02814.494 02838.915 02835.892 02800.526
02772.147 02705.579 02781.600 02761.683 02739.821 02714.256 02763.007 02747.519 02687.936 02687.697 02606.808 02581.626 02560.541 02536.196 02560.266 02548.558 02506.574 02496.645 02482.238 02467.768 02451.664 02433.738 02422.235 02434.250 02443.178 02451.459 02458.066 02464.192 02473.756 02477.927 02488.326 02644.340 05461.696 06313.669 02489.541 02502.720 02512.433 02509.332 02502.160 02492.587 02482.454 02470.836 02459.987 02555.307 02688.290 02677.913 02659.888 02712.300 02775.519 02739.053 02714.184 02788.653 02793.435 02772.843 02746.819 02792.738 02820.099 02844.711 02835.117 02843.308 02837.089 02830.926
02731.231 02744.367 02796.552 02748.073 02701.045 02721.471 02749.428 02855.080 02689.481 02668.131 02627.023 02584.061 02559.733 02560.565 02536.663 02527.375 02501.062 02492.569 02476.235 02460.682 02441.794 02423.901 02425.936 02439.225 02451.328 02460.706 02466.798 02474.224 02480.314 02488.490 02497.349 02497.403 02516.248 05186.576 02869.415 02535.065 02533.416 02510.717 02497.749 02493.839 02479.382 02464.430 02453.946 02629.495 02660.224 02664.721 02684.983 02740.331 02723.680 02643.807 02788.926 02824.633 02672.622 02678.221 02853.642 02987.941 02845.694 02848.306 02873.760 02844.828 02845.618 02838.240
02665.586 02812.803 02809.929 02781.503 02724.844 02751.516 02717.675 02834.404 02690.640 02666.156 02701.384 02607.584 02595.518 02574.946 02546.979 02518.778 02499.399 02481.174 02468.005 02449.906 02434.526 02418.506 02428.465 02441.805 02460.781 02470.188 02475.946 02477.097 02494.283 02505.463 02507.232 02518.089 02517.049 02509.201 05675.667 02541.584 02548.974 02515.271 02494.840 02487.273 02470.546 03451.227 02446.043 02566.492 02597.274 02623.173 02621.026 02715.915 02705.099 02742.831 02816.842 02823.636 02839.545 02755.127 02811.517 02805.090 02826.143 02895.736 02858.031 02914.136 02812.782 02838.555
02671.081 02831.789 02822.539 02832.189 02779.251 02760.969 02759.300 02772.856 02702.618 02680.990 04798.053 02638.188 02615.913 02563.098 02518.394 02492.993 02485.877 02471.180 02457.549 02442.358 02425.276 02419.173 02430.265 02447.289 02465.638 02471.592 02479.404 02500.257 02504.646 02518.723 02522.627 02537.352 02552.202 02558.149 02531.966 02563.357 02554.743 02515.674 02498.204 02478.622 05306.212 02445.524 02433.881 02287.185 02291.384 02609.118 02670.683 02736.594 02771.618 02837.920 02810.149 02844.639 02844.139 02843.891 02839.094 02807.193 02855.490 02896.708 02846.536 02858.963 02783.483 02746.893
