TestFarsite/SampleData/Outputs/test_HeatPerUnitArea.asc
NCOLS 401
NROWS 476
XLLCORNER -5994.000000
YLLCORNER -7142.000000
CELLSIZE 30.000000
NODATA_VALUE -9999.0
[rows 252 to 279 of 476, columns 0 to 61 of 401]
-9999.0 -9999.0 -9999.0 -9999.0 -9999.0 -9999.0 -9999.0 -9999.0 -9999.0 -9999.0 -9999.0 -9999.0 -9999.0 -9999.0 -9999.0 -9999.0 03245.337 02437.848 63794.271 02188.096 07701.683 32555.512 04308.787 04362.034 04554.336 04195.857 04278.357 04352.218 04187.199 29912.398 04136.828 02635.766 04266.697 03138.067 95153.371 47495.520 08007.471 06199.530 51342.391 36126.728 36872.455 02124.298 02275.168 02287.834 19132.315 28194.258 07063.641 08103.999 08102.495 08366.933 08719.971 25607.423 23097.733 27522.511 25037.326 35055.675 08179.411 24390.180 32974.889 24976.284 25036.902 08091.314
-9999.0 -9999.0 -9999.0 -9999.0 -9999.0 -9999.0 -9999.0 -9999.0 -9999.0 -9999.0 -9999.0 -9999.0 -9999.0 -9999.0 -9999.0 -9999.0 -9999.0 03124.565 53564.682 02352.511 04046.718 04163.966 04180.193 04176.594 04263.447 04215.671 04312.448 04311.579 04149.263 21367.917 04242.605 04246.793 03672.179 04154.425 34313.840 40419.470 05966.846 03693.690 54189.521 07383.886 31893.601 27307.850 02128.979 02270.383 02280.900 02337.265 02230.584 07155.422 07937.388 08254.864 08371.837 12592.003 19506.998 26482.905 21303.479 30715.386 08208.631 33146.884 21834.965 02681.776 04381.509 07187.644
-9999.0 -9999.0 -9999.0 -9999.0 -9999.0 -9999.0 -9999.0 -9999.0 -9999.0 -9999.0 -9999.0 -9999.0 -9999.0 -9999.0 -9999.0 -9999.0 -9999.0 02104.118 02315.895 03757.079 04034.169 44989.024 04109.683 49071.249 04194.933 04194.524 04112.891 04194.656 04214.828 04246.013 04216.143 04271.881 04245.769 34887.112 44861.211 45154.470 34386.089 34260.396 21122.226 36789.833 33011.847 37483.550 04321.175 06426.267 08174.177 02768.169 02545.723 02219.783 07694.311 08110.354 08374.732 08350.124 26062.337 11108.677 18932.337 33018.063 05963.161 08610.680 21500.447 04596.793 07332.264 07390.792
-9999.0 -9999.0 -9999.0 -9999.0 -9999.0 -9999.0 -9999.0 -9999.0 -9999.0 -9999.0 -9999.0 -9999.0 -9999.0 -9999.0 -9999.0 -9999.0 -9999.0 -9999.0 02124.748 03316.312 03996.118 28009.405 27969.321 48005.669 77900.160 04144.039 53105.160 04091.478 04304.488 04283.275 04238.496 04066.931 04037.390 04099.610 58342.122 04107.208 35838.600 23343.444 05612.922 35049.187 27094.961 29267.547 33109.157 07415.854 07411.750 02272.500 02143.206 02165.651 02130.296 07917.749 08172.968 08370.657 08358.499 16552.930 18726.203 12957.966 02628.865 08181.832 17095.549 07217.329 07498.964 03884.188
-9999.0 -9999.0 -9999.0 -9999.0 -9999.0 -9999.0 -9999.0 -9999.0 -9999.0 -9999.0 -9999.0 -9999.0 -9999.0 -9999.0 -9999.0 -9999.0 -9999.0 -9999.0 -9999.0 03412.565 03934.968 45824.504 23243.059 26705.712 20849.832 39822.214 54486.818 58521.464 04203.205 04124.098 04291.114 04315.780 03665.725 38995.975 39697.483 04317.203 04097.316 07200.112 07462.610 31706.341 09965.882 10017.337 28620.838 07521.722 06675.512 07549.506 06910.422 07705.597 02213.410 02138.352 07816.784 07865.219 08337.361 07748.464 04668.882 02691.661 04663.918 06506.176 23100.141 26192.611 07508.191 02533.961
-9999.0 -9999.0 -9999.0 -9999.0 -9999.0 -9999.0 -9999.0 -9999.0 -9999.0 -9999.0 -9999.0 -9999.0 -9999.0 -9999.0 -9999.0 -9999.0 -9999.0 -9999.0 -9999.0 -9999.0 03299.385 03717.360 03932.080 04072.249 04176.984 07774.352 41749.558 55590.430 04223.099 04157.237 04283.471 03512.715 04012.029 04051.709 04316.578 04318.053 04188.744 07985.178 07520.126 07444.516 07764.392 07704.562 07538.743 07629.594 07675.599 07705.538 07771.197 07965.233 07970.163 04481.409 02211.464 02222.608 02243.650 02272.571 02561.056 08464.774 03080.557 22658.280 22466.841 26811.472 07517.311 02461.231
-9999.0 -9999.0 -9999.0 -9999.0 -9999.0 -9999.0 -9999.0 -9999.0 -9999.0 -9999.0 -9999.0 -9999.0 -9999.0 -9999.0 -9999.0 -9999.0 -9999.0 -9999.0 -9999.0 -9999.0 -9999.0 27431.441 02660.730 03624.108 04021.386 04192.848 04655.742 43062.186 02488.962 04226.874 04205.439 03051.532 02975.208 04294.875 04315.894 04308.967 03447.275 04069.907 04138.198 03442.173 05750.609 07348.586 07542.253 07758.780 07902.882 07816.494 07901.150 07934.928 07943.425 07978.510 08071.482 08201.032 08339.780 08435.307 04798.592 06416.309 02595.017 03716.995 15087.195 13846.534 07518.346 19343.139
-9999.0 -9999.0 -9999.0 -9999.0 -9999.0 -9999.0 -9999.0 -9999.0 -9999.0 -9999.0 -9999.0 -9999.0 -9999.0 -9999.0 -9999.0 -9999.0 -9999.0 -9999.0 -9999.0 -9999.0 -9999.0 -9999.0 -9999.0 -9999.0 02894.544 03286.163 26805.271 02843.509 58736.554 04001.043 40595.172 04084.223 04196.623 03963.211 02344.004 03585.479 04099.763 04024.116 03594.701 03626.135 22122.008 31274.214 04084.197 07706.363 07635.432 07881.864 07998.976 07995.232 07976.483 08073.204 08201.571 08292.664 08240.875 08433.436 08615.210 05100.486 06159.198 08016.564 03731.904 02409.082 03411.738 06432.780
-9999.0 -9999.0 -9999.0 -9999.0 -9999.0 -9999.0 -9999.0 -9999.0 -9999.0 -9999.0 -9999.0 -9999.0 -9999.0 -9999.0 -9999.0 -9999.0 -9999.0 -9999.0 -9999.0 -9999.0 -9999.0 -9999.0 -9999.0 -9999.0 -9999.0 02321.467 34088.877 38790.858 40505.230 11948.544 41923.245 38811.445 22104.515 03960.246 02136.989 42947.047 32706.844 03742.519 04015.591 03776.397 03903.063 75326.952 04125.355 04071.013 08084.461 08038.137 08107.381 08208.748 08228.740 08243.206 08292.504 08336.159 08299.998 08296.593 61967.909 34846.869 02370.953 02318.976 07942.454 03994.939 02430.919 07748.085
-9999.0 -9999.0 -9999.0 -9999.0 -9999.0 -9999.0 -9999.0 -9999.0 -9999.0 -9999.0 -9999.0 -9999.0 -9999.0 -9999.0 -9999.0 -9999.0 -9999.0 -9999.0 -9999.0 -9999.0 -9999.0 -9999.0 -9999.0 -9999.0 -9999.0 03172.639 03599.671 04177.368 04258.117 03912.168 39254.720 40287.370 42415.064 42384.853 45909.695 46820.077 03772.865 03806.601 68381.697 03859.948 04158.625 04220.851 53139.813 04168.382 53876.349 08076.169 08192.023 27657.735 08274.499 08271.646 08443.734 08316.681 08315.641 08313.353 08366.442 05400.253 04526.553 07925.154 07512.028 06953.816 04172.561 07784.158
-9999.0 -9999.0 -9999.0 -9999.0 -9999.0 -9999.0 -9999.0 -9999.0 -9999.0 -9999.0 -9999.0 -9999.0 -9999.0 -9999.0 -9999.0 -9999.0 -9999.0 -9999.0 -9999.0 -9999.0 -9999.0 -9999.0 02942.844 04445.572 03696.837 04109.658 03933.699 03984.692 04273.064 04292.815 04272.394 04228.078 04101.763 45714.134 03353.286 13973.165 21172.385 03817.114 36312.686 04060.277 38692.335 46209.823 72318.001 04260.288 57553.081 08105.383 08239.120 26377.179 08551.002 08639.525 08331.397 08334.443 08328.033 08343.727 08600.222 06428.854 07715.862 05064.241 03639.719 07432.975 07496.704 07830.376
-9999.0 -9999.0 -9999.0 -9999.0 -9999.0 -9999.0 -9999.0 -9999.0 -9999.0 -9999.0 -9999.0 -9999.0 -9999.0 -9999.0 -9999.0 -9999.0 -9999.0 -9999.0 -9999.0 -9999.0 -9999.0 -9999.0 07165.635 05496.555 07566.609 06647.268 43150.645 08201.629 08249.154 08269.760 08319.198 07946.577 06397.682 04409.333 04630.811 03577.150 49077.936 03847.702 37302.880 39086.882 35590.407 40411.371 48218.580 50795.906 61844.348 36968.189 08248.513 22238.988 08350.689 08333.550 08318.789 08272.552 08245.545 08263.475 08307.458 08426.466 08243.114 06031.097 07500.059 07660.879 07698.433 07816.323
-9999.0 -9999.0 -9999.0 -9999.0 -9999.0 -9999.0 -9999.0 -9999.0 -9999.0 -9999.0 -9999.0 -9999.0 -9999.0 -9999.0 -9999.0 -9999.0 -9999.0 -9999.0 -9999.0 -9999.0 -9999.0 -9999.0 07267.207 07559.395 07685.766 07776.961 17276.737 08322.598 08351.462 08315.224 08285.814 08547.014 08299.212 08620.637 04519.447 04513.031 04112.344 03762.100 34079.303 26608.812 34176.766 35542.630 38603.871 43262.721 50108.765 65053.854 08207.225 08319.085 08649.528 08320.566 21362.761 08292.921 08153.057 08161.215 08483.705 08079.446 07187.879 07460.927 07728.439 07846.622 07273.182 06999.205
-9999.0 -9999.0 -9999.0 -9999.0 -9999.0 -9999.0 -9999.0 -9999.0 -9999.0 -9999.0 -9999.0 -9999.0 -9999.0 -9999.0 -9999.0 -9999.0 -9999.0 -9999.0 -9999.0 -9999.0 -9999.0 -9999.0 06815.939 07703.696 08622.947 08048.371 08122.029 08284.352 08546.927 08302.020 08326.960 08292.831 08311.846 08489.787 05540.840 04409.279 04650.334 04560.274 04369.632 04143.978 28532.929 31987.015 32270.333 49379.284 50189.731 81630.958 47903.513 08196.100 08528.646 08348.368 27867.442 08349.236 03509.855 05506.007 07717.088 08052.514 07335.525 07574.810 07833.376 06278.082 04664.567 02212.667
-9999.0 -9999.0 -9999.0 -9999.0 -9999.0 -9999.0 -9999.0 -9999.0 -9999.0 -9999.0 -9999.0 -9999.0 -9999.0 -9999.0 -9999.0 -9999.0 -9999.0 -9999.0 -9999.0 -9999.0 -9999.0 -9999.0 03752.720 07715.728 28491.819 13849.457 16170.144 25982.036 06689.245 17215.222 05139.132 23210.595 08294.517 08286.001 04514.280 19770.757 04530.163 04559.510 04499.724 03848.407 02571.121 24360.925 07748.860 32628.670 58462.097 62363.884 08157.223 08195.157 08375.306 08726.952 19108.116 08230.033 03071.426 05330.308 07189.932 07231.273 07438.685 07717.514 05031.600 07577.609 07960.739 08098.639
-9999.0 -9999.0 -9999.0 -9999.0 -9999.0 -9999.0 -9999.0 -9999.0 -9999.0 -9999.0 -9999.0 -9999.0 -9999.0 -9999.0 -9999.0 -9999.0 -9999.0 -9999.0 -9999.0 -9999.0 -9999.0 -9999.0 -9999.0 03744.969 20160.870 28799.709 28345.753 37924.868 04326.543 19994.984 07731.026 37436.955 07825.799 16020.139 04713.276 02892.061 04662.405 04794.135 04469.210 04326.270 03644.485 04428.821 05242.987 08085.743 08092.152 08143.745 08186.838 08235.640 08343.636 08371.398 08275.228 08037.630 07294.631 07354.281 07385.446 07428.350 07495.235 06669.626 02903.129 02560.754 03971.972 06749.315
-9999.0 -9999.0 -9999.0 -9999.0 -9999.0 -9999.0 -9999.0 -9999.0 -9999.0 -9999.0 -9999.0 -9999.0 -9999.0 -9999.0 -9999.0 -9999.0 -9999.0 -9999.0 -9999.0 -9999.0 -9999.0 -9999.0 -9999.0 -9999.0 03969.614 19362.402 31576.735 38044.014 02377.264 19222.112 30608.267 41715.475 36645.836 04666.539 24121.579 25209.773 03579.025 04531.266 04124.679 06722.800 04078.240 04394.225 02786.834 08490.628 06134.077 08274.136 08275.721 08318.848 08344.155 08325.930 08190.592 08053.421 07362.276 05887.692 05357.727 07603.775 07653.149 07712.534 02565.477 05536.513 03035.571 02818.595
-9999.0 -9999.0 -9999.0 -9999.0 -9999.0 -9999.0 -9999.0 -9999.0 -9999.0 -9999.0 -9999.0 -9999.0 -9999.0 -9999.0 -9999.0 -9999.0 -9999.0 -9999.0 -9999.0 -9999.0 -9999.0 -9999.0 -9999.0 03721.831 31491.361 10005.486 32177.752 51531.996 04571.472 02579.325 03365.612 15825.908 26066.894 04683.609 21995.512 20411.313 14873.168 03774.826 25495.508 10280.864 07898.395 04516.044 05569.569 04226.861 03721.509 08542.927 08351.799 08319.299 08339.967 08275.538 08106.637 07450.640 06407.936 02865.864 05212.467 03543.003 07157.596 07873.838 07870.349 07783.681 07990.235 04484.288
-9999.0 -9999.0 -9999.0 -9999.0 -9999.0 -9999.0 -9999.0 -9999.0 -9999.0 -9999.0 -9999.0 -9999.0 -9999.0 -9999.0 -9999.0 -9999.0 -9999.0 -9999.0 -9999.0 -9999.0 -9999.0 -9999.0 -9999.0 15191.768 06706.697 29365.683 29700.806 03302.538 27159.734 06541.577 25204.502 14700.319 25660.495 25703.085 26249.796 24431.576 07359.010 05472.717 23454.125 05796.470 05312.998 07637.161 08510.874 08648.008 04864.751 08640.855 08568.443 08371.472 08503.494 08316.575 08091.331 02527.753 03841.206 02440.313 03365.125 02597.956 02593.572 02495.361 02705.703 07435.650 07788.838 07984.611
-9999.0 -9999.0 -9999.0 -9999.0 -9999.0 -9999.0 -9999.0 -9999.0 -9999.0 -9999.0 -9999.0 -9999.0 -9999.0 -9999.0 -9999.0 -9999.0 -9999.0 -9999.0 -9999.0 -9999.0 -9999.0 -9999.0 -9999.0 -9999.0 -9999.0 03409.058 04047.739 03468.215 22762.489 19190.119 26314.156 22085.716 25939.097 26330.704 26273.248 16290.258 08423.145 07177.906 07557.313 07851.990 06818.073 23161.385 08600.888 17846.943 08396.671 08535.225 08665.321 08634.874 08372.401 08262.341 08115.579 05710.626 07421.191 05369.246 03132.226 05368.825 02506.376 02505.931 02509.733 07435.356 02350.296 07559.086
-9999.0 -9999.0 -9999.0 -9999.0 -9999.0 -9999.0 -9999.0 -9999.0 -9999.0 -9999.0 -9999.0 -9999.0 -9999.0 -9999.0 -9999.0 -9999.0 -9999.0 -9999.0 -9999.0 -9999.0 -9999.0 -9999.0 -9999.0 -9999.0 -9999.0 -9999.0 -9999.0 04117.770 14480.651 06736.389 22651.305 25647.715 25949.941 24104.459 25584.059 08480.956 23686.001 07176.362 07464.766 07812.943 08279.029 03481.653 24831.903 26223.163 08343.591 08360.824 08604.002 08184.571 08243.635 08398.324 08035.968 07299.797 07552.807 07766.210 07799.872 07995.280 02521.472 02504.741 02498.308 07320.933 06505.853 06289.790
-9999.0 -9999.0 -9999.0 -9999.0 -9999.0 -9999.0 -9999.0 -9999.0 -9999.0 -9999.0 -9999.0 -9999.0 -9999.0 -9999.0 -9999.0 -9999.0 -9999.0 -9999.0 -9999.0 -9999.0 -9999.0 -9999.0 -9999.0 -9999.0 -9999.0 -9999.0 -9999.0 -9999.0 02158.412 02351.775 02561.746 24508.178 08324.288 10854.607 10520.030 08575.536 17990.042 07271.309 07585.678 07848.585 08158.704 03705.130 19397.307 08089.794 08344.542 08342.785 05401.037 25474.492 08135.470 05807.354 07779.760 07438.221 07696.703 07875.409 07959.598 06010.586 05387.862 02379.887 07703.692 02301.817 02321.479 02341.858
-9999.0 -9999.0 -9999.0 -9999.0 -9999.0 -9999.0 -9999.0 -9999.0 -9999.0 -9999.0 -9999.0 -9999.0 -9999.0 -9999.0 -9999.0 -9999.0 -9999.0 -9999.0 -9999.0 -9999.0 -9999.0 -9999.0 -9999.0 -9999.0 -9999.0 -9999.0 -9999.0 -9999.0 03787.797 05206.275 07465.110 26456.571 02669.291 05768.807 16039.430 08467.674 08500.490 08010.581 07690.870 07996.251 23284.535 03482.716 03296.284 02692.696 08345.643 08317.516 02623.168 27705.813 21101.802 33443.611 08112.003 07534.655 07808.473 06330.085 08152.751 04537.328 08193.507 02277.540 02318.421 08329.310 08522.078 07662.103
-9999.0 -9999.0 -9999.0 -9999.0 -9999.0 -9999.0 -9999.0 -9999.0 -9999.0 -9999.0 -9999.0 -9999.0 -9999.0 -9999.0 -9999.0 -9999.0 -9999.0 -9999.0 -9999.0 -9999.0 -9999.0 -9999.0 -9999.0 -9999.0 -9999.0 -9999.0 -9999.0 03259.693 03579.631 07663.822 08383.649 39861.851 26625.324 02520.012 25853.171 31784.132 02464.396 02302.995 06844.065 06335.883 39388.240 06209.261 07991.667 08141.495 08361.696 08373.098 06333.505 05486.957 02711.746 17357.513 07790.872 06944.312 07827.034 03097.939 02639.948 03593.501 07139.289 08548.251 08531.756 08528.988 08543.085 08547.189
-9999.0 -9999.0 -9999.0 -9999.0 -9999.0 -9999.0 -9999.0 -9999.0 -9999.0 -9999.0 -9999.0 -9999.0 -9999.0 -9999.0 -9999.0 -9999.0 -9999.0 -9999.0 -9999.0 -9999.0 -9999.0 -9999.0 -9999.0 -9999.0 -9999.0 -9999.0 -9999.0 02356.148 23665.794 08156.333 08509.074 08279.629 06439.247 02413.752 21258.736 06903.440 04320.757 03483.260 02257.290 02284.439 02294.091 02292.866 02293.668 02339.659 02296.143 02295.335 05345.878 18975.512 21776.555 05415.809 02135.287 03299.574 07693.235 05122.680 02579.012 03129.867 08505.258 08547.760 08513.158 08550.393 08520.217 08519.490
-9999.0 -9999.0 -9999.0 -9999.0 -9999.0 -9999.0 -9999.0 -9999.0 -9999.0 -9999.0 -9999.0 -9999.0 -9999.0 -9999.0 -9999.0 -9999.0 -9999.0 -9999.0 -9999.0 -9999.0 -9999.0 -9999.0 -9999.0 -9999.0 -9999.0 -9999.0 06929.326 03502.627 22563.335 08218.445 08363.369 08453.475 08553.403 08117.182 04751.811 07409.048 07832.851 23511.950 02710.842 02760.013 23983.899 25848.985 22047.247 02670.786 31327.802 25880.525 02630.440 23628.411 03412.052 02317.589 18349.712 03822.468 02457.961 05149.184 02575.116 02841.424 08736.414 03836.884 08532.697 08484.357 08430.411 08423.018
-9999.0 -9999.0 -9999.0 -9999.0 -9999.0 -9999.0 -9999.0 -9999.0 -9999.0 -9999.0 -9999.0 -9999.0 -9999.0 -9999.0 -9999.0 -9999.0 -9999.0 -9999.0 -9999.0 -9999.0 -9999.0 -9999.0 -9999.0 -9999.0 -9999.0 -9999.0 -9999.0 02858.154 21078.771 08272.448 08414.656 08257.959 08114.035 08310.862 24182.492 07297.562 07519.482 07851.465 15789.529 15037.219 24575.720 10064.902 25521.283 03200.382 22956.381 22909.405 02957.526 08215.527 15020.096 03031.914 23187.964 02436.834 02492.983 03708.548 08021.108 08151.561 08247.763 05791.534 08536.876 08435.073 03336.976 06219.991
-9999.0 -9999.0 -9999.0 -9999.0 -9999.0 -9999.0 -9999.0 -9999.0 -9999.0 -9999.0 -9999.0 -9999.0 -9999.0 -9999.0 -9999.0 -9999.0 -9999.0 -9999.0 -9999.0 -9999.0 -9999.0 -9999.0 -9999.0 -9999.0 -9999.0 -9999.0 -9999.0 02709.356 04584.490 08113.515 08331.136 08256.189 08228.939 08130.694 08055.192 13258.035 07300.624 07461.596 07756.870 23049.385 20725.142 07941.731 08420.055 25922.623 06931.813 18830.780 08741.157 08315.530 08511.662 08424.003 07232.522 04458.168 02430.285 02731.229 07836.012 08223.994 08410.728 05661.913 08300.923 08469.857 02859.455 04713.002
