TestFarsite/SampleData/Outputs/test_ReactionIntensity.asc
NCOLS 401
NROWS 476
XLLCORNER -5994.000000
YLLCORNER -7142.000000
CELLSIZE 30.000000
NODATA_VALUE -9999.0
[rows 168 to 195 of 476, columns 124 to 185 of 401]
00494.781 00147.205 00206.568 00252.927 00274.930 00545.531 00276.669 00263.474 00228.360 00459.036 00664.416 00900.464 00516.691 00264.249 00463.860 00996.062 00257.166 00266.021 00278.892 00216.937 00184.315 00191.713 00240.878 00222.467 00160.267 00239.781 00672.189 00356.279 00199.094 00766.494 00190.682 00377.676 01065.536 01070.796 00219.679 00211.840 00268.330 00154.949 00612.965 00391.057 00578.247 01100.896 00559.411 00478.096 00284.314 00222.447 00823.924 00753.571 00534.102 00229.606 00947.737 00253.461 00190.169 00177.726 00322.703 00201.987 00205.113 00455.907 00397.465 00485.829 00282.171 00337.472
00201.552 00199.817 00186.639 00213.948 00229.408 00256.736 00225.161 00225.244 00229.577 00965.140 00670.772 00237.780 00660.716 00627.636 00872.032 00945.663 00251.907 00270.076 00263.398 00195.073 00182.328 00489.348 00435.501 00551.245 00389.915 00439.915 00258.574 00179.429 00259.567 00189.513 00475.485 00624.448 00941.366 00649.986 00843.535 00358.389 00462.749 00613.464 01094.477 00410.430 00533.817 00328.227 00384.675 00537.018 00993.682 00459.514 00764.159 01080.050 00368.239 00968.579 00675.129 00663.958 00435.095 00217.530 00177.102 00757.793 01029.204 00369.124 00328.463 00467.981 00406.908 00344.260
00204.996 00257.143 00158.289 00170.511 00235.436 00212.565 00322.331 00239.551 00287.223 00617.940 00356.769 00224.418 00567.327 01060.973 00345.208 00802.219 00613.434 00223.113 00240.451 00271.519 00226.678 00664.008 00494.169 00719.235 00338.311 00685.989 00251.159 00885.899 00613.193 00622.481 00807.598 00437.871 00235.992 00215.585 00644.596 00238.872 00415.483 00879.111 00425.577 00486.266 00566.214 00356.823 00877.441 00464.673 01042.447 00777.323 00706.308 00680.359 00642.045 00446.932 00571.639 00229.081 01139.566 00950.698 00177.172 00258.220 00839.968 00528.544 00499.471 00479.595 00336.693 00588.157
00187.684 00535.806 00199.167 00198.813 00166.468 00233.164 00292.436 00253.549 00304.941 01031.847 00906.874 00459.845 00269.312 00916.943 00223.739 00208.894 00202.187 00197.524 00399.953 00232.675 00526.258 00707.246 00759.457 00447.730 00775.153 00580.244 00214.259 00267.205 01026.541 00464.748 00657.942 00529.905 00405.154 00427.297 00403.657 00383.209 00562.040 00570.381 00572.263 00870.948 00314.111 00276.251 00872.803 00422.587 01055.356 00687.379 00711.885 00857.675 01005.394 00547.592 00303.268 00208.561 00759.762 00319.080 00209.920 00197.805 00256.375 00208.564 00293.174 00463.076 00590.642 00458.990
00177.879 00200.240 00198.135 00198.038 00283.889 00311.946 00658.218 00606.164 00370.902 00313.085 01033.292 00643.180 00304.472 00619.178 00992.254 00317.218 01130.970 00252.726 00557.426 01125.850 00681.332 00736.397 00361.844 00500.518 00212.087 00213.907 00273.050 00257.747 00777.001 00662.292 00348.187 00675.199 00995.885 00309.767 00521.051 00638.318 00668.319 00377.411 00403.571 00872.340 00570.403 00462.051 00799.354 00505.775 01096.158 00229.172 00247.157 00558.974 00650.372 00567.083 00589.616 00894.157 00522.509 00753.901 00159.362 00210.742 00148.438 00338.764 00402.023 00377.474 00425.037 00548.967
00176.381 00164.706 00198.226 00245.206 00394.790 00857.450 00280.819 00801.680 00649.880 00947.861 00288.842 00225.029 00267.358 00500.215 00361.731 00298.882 00577.579 00425.830 00683.301 00266.126 01116.355 00489.403 00448.082 00525.851 00222.141 00227.906 00264.936 00263.263 00256.333 00611.256 00639.816 00754.086 00414.272 00397.247 00212.609 01026.099 00432.304 00836.305 00626.668 00246.781 00213.310 00256.986 00437.546 00533.983 00230.454 00243.645 00261.873 00252.512 00529.345 00244.267 00565.495 00975.639 00905.325 00689.349 00592.970 00252.330 00564.007 00435.516 00466.134 00525.759 00443.801 00205.419
00205.908 00608.469 00339.198 00419.881 00271.959 01062.729 00246.924 00239.540 01105.042 00208.350 00555.353 00458.935 00645.181 00513.695 00189.713 00191.674 00342.185 00617.502 00225.808 00263.345 00267.498 00505.653 00308.199 00228.973 00270.551 00272.890 00253.806 00243.899 00272.016 00244.748 00198.769 00356.489 00610.388 00606.307 00650.284 00217.883 00735.309 00676.311 00258.284 00217.153 00245.556 00245.094 00212.929 00252.575 00428.204 00430.881 00213.937 00265.712 00348.608 00594.853 00591.607 00480.464 00397.804 00934.395 01034.396 00823.558 00389.873 00154.724 00417.794 00196.286 00421.150 00346.156
00435.242 00493.812 00627.407 00276.973 00319.100 00354.258 00408.729 00364.453 01127.206 00688.588 01091.836 00624.271 00568.650 00638.080 00297.695 00503.108 00541.269 00535.258 00225.860 00253.010 00271.771 00247.849 00223.607 00265.206 00259.749 00242.254 00233.029 00229.108 00266.144 00254.676 00234.400 00531.247 00553.065 00509.945 00308.628 00613.432 01012.692 00247.301 00224.647 00855.824 00228.991 00224.004 00834.373 00788.365 00246.845 00654.374 00220.938 00222.516 00273.270 00767.901 00403.157 00484.736 00399.244 00591.478 01047.360 00902.094 00204.425 00418.253 00443.604 00431.469 00374.661 00505.547
00461.380 00226.330 00385.045 00409.885 00615.854 00399.467 00568.813 00998.553 00617.078 00823.946 00664.455 00624.782 00539.702 00480.512 00927.181 00481.144 00272.091 00207.299 00409.993 00247.588 00226.897 00259.195 00266.669 00255.722 00211.652 00241.391 00261.048 00234.558 00260.929 00253.035 00239.928 00270.907 01080.706 00388.153 00559.469 00812.492 00803.638 00306.905 00408.808 00901.730 00629.258 00386.981 00799.625 00594.213 00507.517 00642.725 00260.096 00405.571 00525.241 00235.344 00200.837 00413.924 00372.680 00366.963 00593.127 00644.104 00326.491 00503.983 00320.187 00188.145 00234.087 00392.020
00210.486 00401.456 00493.351 00390.965 00623.821 00491.459 00202.169 00522.355 00771.453 00345.890 00964.964 00411.564 00251.082 00897.863 00660.101 00431.751 00909.532 00243.965 00585.627 00830.414 00515.612 00862.283 00235.113 00331.122 00235.036 00230.498 00476.708 00304.814 00819.499 00507.813 00466.688 00488.862 00446.614 00238.839 00234.988 00635.856 00298.996 00475.017 00408.840 00192.939 00192.549 00165.318 00690.998 00246.943 00316.967 00256.843 00682.155 00216.853 01040.433 00423.937 00469.717 00352.423 00506.010 00547.411 00595.574 00587.609 00398.548 00489.272 00427.236 00368.871 00362.641 00576.513
00207.897 00206.607 00199.385 00204.401 00628.276 00624.402 00264.026 00531.319 00600.534 00296.750 01113.183 00618.321 00306.540 00910.282 00337.119 00780.986 00883.848 00168.455 00193.216 00314.407 00218.211 00270.896 00269.699 00405.789 00638.427 00285.917 00360.661 00206.572 00253.284 00230.045 00195.884 00644.049 00578.599 00456.470 00751.135 00470.443 00822.408 00613.732 00264.768 00193.555 00193.497 00193.080 00192.363 00749.814 00227.498 00346.034 00905.111 00771.078 00432.557 00560.805 00412.701 00235.398 00227.996 00504.731 00566.489 00299.689 00286.883 00261.633 00447.280 00238.991 00297.408 00291.295
00427.052 00331.895 00202.240 00483.619 00306.361 00449.136 00477.239 00529.724 00315.707 00621.538 00647.009 01085.809 00242.691 00222.727 00630.620 00611.835 00525.558 00531.036 00467.910 00187.564 00185.829 00914.259 00804.596 00832.740 00900.341 00230.480 00610.887 00959.915 00852.845 00662.191 00557.144 00300.728 00383.566 00409.841 00800.616 00775.961 00369.744 00193.727 00193.783 00193.778 00193.739 00193.736 00193.388 00192.916 00859.916 00683.016 00329.246 00150.324 00407.759 00306.782 00301.548 00575.338 00366.751 00244.166 00456.222 00464.450 00425.039 00245.013 00559.378 00371.854 00560.320 00474.767
00268.735 00208.322 00158.453 00627.165 00452.663 00283.615 00937.879 00297.144 00551.234 00480.352 00250.002 00806.091 00215.239 00606.213 00495.612 00662.917 00460.520 00682.236 00051.837 00285.047 00544.900 00226.266 00485.282 00351.439 00278.809 00739.446 00214.600 00668.624 00429.714 00566.587 00614.067 00395.672 00570.917 00667.795 00168.129 00193.091 00193.538 00193.786 00194.314 00194.436 00194.244 00395.200 00193.757 00193.686 00193.584 01007.074 00903.111 00314.177 00559.344 00558.433 00535.065 00422.565 00306.922 00576.675 00220.029 00542.590 00359.985 00305.471 00563.882 00425.697 00149.512 00524.541
00285.806 00166.456 00497.691 00179.095 00546.298 01038.985 00534.685 00239.133 00266.601 00238.862 00219.065 00448.683 01034.144 00452.722 00810.774 00537.308 00295.694 00561.884 00514.388 00441.457 00307.831 00470.943 00320.071 00320.538 00448.402 00472.735 00332.552 00382.460 00347.084 00563.718 00449.058 00692.379 00745.510 00320.408 00193.119 00193.737 00193.866 00194.466 00194.769 00194.931 00194.680 00194.580 00197.121 00193.852 00193.739 00319.400 01063.042 00500.270 00324.593 00557.419 00532.420 00450.958 00581.705 00373.134 00231.607 00504.954 00594.272 00418.624 00275.147 00280.124 00149.615 00462.260
00468.138 00591.572 00508.381 00282.054 00650.541 00429.819 00618.801 00430.629 00241.694 00235.030 00247.007 00577.192 00980.185 00266.937 00646.040 00454.483 00580.670 00207.032 00420.434 00322.897 00529.233 00584.394 00582.246 00472.971 00436.065 00321.315 00561.016 00376.205 00384.530 00323.886 00293.947 00886.875 00261.434 00192.284 00193.517 00193.837 00194.280 00278.492 00195.149 00195.452 00195.210 00194.808 00194.593 00194.834 00194.575 00193.677 00291.943 00314.824 00471.867 00544.323 00555.884 00285.326 00432.479 00363.075 00258.003 00553.889 00233.899 00541.522 00311.362 00215.719 00320.568 00251.389
01102.227 01058.374 00535.334 00895.389 00946.894 00491.917 00325.711 00278.184 00283.931 00222.878 00270.811 00905.269 00528.614 00255.071 00489.690 00589.153 00471.604 00586.588 00286.653 00534.337 00411.582 00591.628 00588.512 00549.493 00586.341 00268.402 00213.182 00527.070 00461.952 00354.410 00499.691 00175.856 00252.584 00192.809 00193.735 00194.405 00195.075 00319.413 00195.427 00195.901 00195.628 00195.278 00195.023 00194.548 00194.851 00194.233 00192.835 00489.437 00247.321 00410.756 00436.806 00356.917 00172.285 00511.901 00315.462 00344.809 00267.762 00311.515 00418.634 00580.094 00234.310 00472.692
00508.747 00640.454 00943.665 00617.534 00547.649 00255.416 00492.120 00431.595 00277.492 00356.172 00569.498 01098.575 00258.427 00222.682 00704.961 00610.750 00408.018 00485.262 00303.920 00307.690 00200.721 00432.116 00346.921 00390.447 00593.452 00589.413 00248.834 00268.379 00220.470 00477.174 00320.171 00241.902 00156.943 00192.896 00193.799 00194.810 00195.757 00195.365 00195.357 00195.671 00195.743 00195.744 00195.563 00194.776 00194.291 00194.301 00194.247 00273.412 00386.861 00216.942 00528.446 00330.133 00419.776 00266.411 00467.095 00578.962 00229.559 00500.083 00562.925 00206.229 00388.612 00297.736
00546.863 00675.961 00642.332 00359.191 00639.687 00769.803 00498.802 00986.219 00268.117 00221.726 00912.946 00399.944 00214.965 00524.529 01001.387 00511.784 00575.942 00581.742 00227.297 00517.886 00457.816 00333.208 00579.577 00439.885 00251.528 00469.058 00311.168 00508.796 00386.243 00259.856 00199.398 00281.650 00193.074 00193.784 00265.819 00195.586 00195.568 00194.963 00195.413 00195.916 00195.622 00195.998 00195.561 00195.752 00195.634 00212.379 00194.373 00435.081 00531.475 00307.425 00298.880 00250.281 00479.614 00249.017 00392.971 00153.442 00208.827 00328.191 00476.997 00536.775 00504.994 00264.759
00576.664 00359.732 00855.132 01021.250 01005.202 01034.844 00781.175 00276.467 00291.760 00245.928 00628.049 00663.352 00224.222 00412.618 00580.635 00489.776 00473.265 00581.506 00594.055 00526.018 00314.625 00203.219 00466.197 00368.046 00274.957 00520.985 00379.477 00237.507 00220.845 00444.137 00492.230 00299.841 00193.584 00193.872 00194.813 00195.418 00195.778 00195.713 00196.161 00196.520 00195.978 00195.765 00196.100 00195.845 00195.680 00195.524 00194.114 00205.273 00271.769 00387.624 00476.899 00374.673 00441.185 00237.207 00153.612 00334.325 00475.292 00355.250 00407.681 00334.053 00806.842 00625.129
00915.090 00403.986 01031.104 00660.881 00592.134 00252.214 00318.018 00845.373 00235.460 01125.798 00933.538 00650.997 00505.009 00338.091 00453.564 00399.736 00477.662 00593.112 00537.070 00454.833 00476.159 00453.445 00380.553 00340.286 00295.785 00589.414 00518.211 00360.896 00460.359 00277.087 00382.518 00421.781 00421.167 00194.392 00195.554 00195.709 00277.321 00197.080 00196.860 00197.065 00196.637 00195.898 00195.795 00195.960 00195.984 00195.265 00194.605 00193.881 00406.916 00451.443 00228.345 00282.610 00222.782 00463.046 00318.436 00491.179 00576.025 00492.166 00206.877 00565.786 00655.368 01183.533
00465.994 00228.577 00270.793 00203.256 00480.699 00236.182 00158.287 00665.227 01051.360 01064.458 00573.526 00502.852 00359.498 00702.979 00222.157 00346.005 00356.560 00350.250 00391.896 00521.613 00346.628 00222.707 00432.955 00248.172 00330.073 00331.751 00313.989 00533.871 00293.294 00573.670 00224.116 00441.330 00282.807 00194.486 00195.569 00196.098 00198.008 00197.109 00197.620 00197.610 00197.437 00196.615 00371.953 00196.555 00196.052 00195.730 00300.282 00219.073 00582.062 00497.301 00248.083 00569.296 00294.780 00482.943 00278.143 00508.057 00309.935 00208.038 00207.965 00299.053 00212.326 00172.519
00773.949 00262.774 00205.396 00205.064 00200.951 00206.326 00628.715 00392.778 00701.376 00839.134 00748.529 00516.922 00412.253 00544.080 00580.687 00589.818 00244.070 00471.920 00499.021 00200.880 00448.162 00377.830 00338.798 00221.826 00485.571 00382.881 00533.647 00384.990 00418.056 00405.798 00286.220 00519.591 00479.154 00194.479 00195.545 00197.261 00197.949 00198.454 00198.238 00198.936 00198.149 00196.871 00196.577 00196.139 00196.548 00195.481 00216.655 00552.094 00572.008 00307.702 00512.797 00435.586 00211.731 00559.213 00516.719 00561.024 00173.132 00207.297 00208.116 00334.390 00508.067 00185.079
00910.486 00207.191 00199.803 00185.249 00186.510 00190.791 00207.355 00220.447 01009.235 00239.886 00232.779 00441.230 00564.570 00540.132 00575.458 00588.890 00222.927 00528.651 00575.266 00046.284 00594.794 00526.040 00201.419 00565.935 00487.257 00483.959 00476.212 00266.446 00533.252 00489.070 00420.503 00308.523 00374.846 00194.501 00195.790 00196.110 00196.973 00199.384 00198.318 00199.268 00198.362 00198.157 00196.719 00196.581 00195.919 00195.230 00500.577 00329.413 00248.095 00300.774 00430.303 00217.696 00537.436 00301.850 00427.719 00593.801 00207.802 00207.985 00208.604 00400.073 00715.265 00214.566
00729.651 00203.922 00201.601 00187.117 00188.816 00271.120 00205.458 00262.799 00272.952 00552.220 00517.181 00707.811 00545.333 00575.478 00581.968 00427.807 00591.686 00234.772 00242.833 00139.113 00038.651 00301.090 00459.523 00334.847 00544.179 00208.997 00511.914 00219.019 00196.885 00428.877 00213.969 00543.306 00299.730 00193.832 00195.692 00196.381 00198.435 00199.521 00200.748 00200.518 00198.984 00199.029 00197.139 00196.528 00195.811 00195.528 00388.265 00336.609 00364.995 00487.592 00592.766 00409.288 00443.516 00376.004 00600.133 00298.533 00208.481 00199.272 00168.676 00208.359 00425.936 00173.572
00248.743 00247.472 00242.626 00190.034 00187.566 00254.048 00234.527 00265.216 00319.132 00315.053 00381.819 00509.287 00419.309 00388.990 00576.546 00598.397 00600.398 00510.873 -9999.0 -9999.0 00541.877 00258.643 00286.822 00285.589 00557.085 00507.316 00449.766 00146.819 00213.401 00506.649 00411.879 00432.974 00205.359 00275.319 00194.678 00195.582 00193.411 00199.626 00202.446 00201.844 00199.274 00198.190 00197.034 00196.502 00195.489 00317.181 00292.157 00454.495 00456.284 00360.513 00284.386 00569.034 00162.785 00363.795 00342.775 00155.125 00200.101 00192.859 00167.981 00207.277 00215.554 00603.956
00264.851 00212.983 00278.771 00390.261 00247.048 01012.638 01032.989 00253.518 00220.989 00879.946 00845.723 00262.282 00437.489 00269.485 00469.913 00597.823 00443.407 00285.502 00234.666 00582.710 00503.972 00427.556 00283.949 00202.234 00270.475 00462.749 00192.816 00162.969 00236.103 00343.938 00304.724 00479.092 00377.912 00494.522 00401.950 00195.440 00195.036 00153.762 00203.648 00202.208 00199.370 00196.826 00197.193 00196.338 00194.951 00406.609 00525.890 00450.412 00441.599 00453.207 00284.432 00307.367 00324.957 00443.187 00498.022 00153.705 00268.565 00206.260 00209.115 00317.585 00229.307 00537.429
00220.696 00226.416 00236.996 00668.368 00211.082 00308.626 00744.657 00881.216 00654.355 00194.384 00916.342 00412.693 00505.257 00753.294 00325.365 00505.488 00276.392 00551.952 00531.754 00501.253 00397.285 00421.695 00149.511 00507.710 00512.098 00273.528 00381.518 00209.322 00518.563 00550.215 00592.751 00266.168 00202.651 00516.867 00494.871 00313.914 00194.923 00120.647 00196.407 00196.891 00198.144 00198.538 00195.900 00195.644 00357.477 00323.808 00239.802 00286.783 00529.485 00500.316 00253.366 00363.515 00442.697 00457.673 00588.427 00509.317 00154.574 00154.761 00407.764 00559.060 00427.606 00174.358
01042.058 00509.279 00244.908 00766.095 00871.722 00545.980 01047.747 00385.525 00166.500 00180.474 00992.399 00210.040 00248.892 00953.434 00346.066 00236.107 00385.886 00379.552 00500.976 00368.355 00268.317 00328.978 00190.300 00466.174 00503.836 00386.798 00591.179 00322.539 00338.439 00601.735 00245.834 00366.186 00493.099 00567.847 00409.002 00112.791 00080.429 00080.608 00114.715 00193.806 00195.908 00195.792 00194.857 00294.092 00527.918 00211.533 00175.093 00205.995 00487.463 00558.445 00582.759 00246.901 00358.753 00469.856 00309.341 00309.331 00434.245 00156.058 00184.391 00395.019 00248.639 00187.080
